1
2
4
6
8
9
10
17
21
24
25
28
29
34
39
40
41
45
47
48
50
52
55
57
58
59
63
66
67
72
73
75
76
78
81
82
83
84
85
88
90
92
93
95
99
100
101
103
104
106
107
109
110
111
112
113
115
117
118
126
131
132
133
136
138
139
141
144
148
151
156
157
161
162
163
166
167
169
170
171
173
175
178
181
182
184
187
189
190
192
193
194
197
198
199
201
205
206
208
209
212
215
217
219
221
222
223
225
227
228
229
230
232
233
236
237
239
244
247
248
249
250
253
256
257
258
260
262
263
265
267
270
275
276
280
284
285
287
288
292
299
301
303
305
308
309
312
313
315
320
321
322
325
328
329
330
332
333
334
335
336
337
340
341
342
344
346
347
348
351
352
358
362
363
367
370
371
373
378
379
381
382
384
386
388
393
395
397
398
399
400
403
404
405
406
408
409
410
412
413
414
418
419
421
427
430
431
432
438
439
440
446
447
448
451
453
454
459
464
465
469
470
472
476
478
479
482
483
484
485
486
488
489
492
493
494
495
496
501
506
507
508
515
516
519
520
521
523
524
526
527
530
534
535
539
540
545
546
552
557
561
563
564
568
569
572
573
574
575
577
578
579
582
583
584
585
592
593
595
598
599
600
603
605
606
607
611
614
615
616
620
621
622
623
626
627
632
633
635
637
638
639
640
643
646
647
652
654
655
659
674
675
676
684
685
686
690
692
697
699
702
704
705
707
711
712
713
718
720
721
722
723
726
727
728
731
732
733
734
735
737
738
740
746
747
749
750
755
756
761
763
764
767
769
770
771
772
773
774
776
778
780
781
782
783
785
787
789
793
795
797
802
803
805
806
808
811
812
813
814
815
817
818
820
821
823
824
825
827
828
829
830
831
838
842
843
844
845
847
850
853
856
858
860
862
867
868
873
876
878
879
880
881
882
883
885
889
896
898
901
903
904
905
906
912
915
917
918
920
921
924
925
926
927
929
933
934
937
938
939
943
947
950
952
954
956
958
963
964
965
966
967
968
970
971
972
977
978
979
980
983
984
985
987
988
989
990
993
997
998
1001
1002
1004
1005
1007
1009
1010
1013
1015
1019
1020
1021
1022
1024
1026
1028
1031
1037
1038
1042
1043
1045
1049
1052
1053
1054
1056
1058
1061
1062
1064
1067
1068
1069
1070
1071
1072
1075
1076
1077
1083
1084
1085
1087
1088
1089
1091
1093
1099
1100
1101
1104
1106
1108
1110
1112
1115
1118
1119
1123
1126
1127
1128
1129
1131
1132
1134
1136
1137
1139
1140
1142
1144
1149
1150
1152
1153
1154
1155
1156
1157
1158
1162
1163
1166
1167
1169
1172
1173
1175
1181
1182
1186
1187
1192
1195
1198
1199
1201
1205
1208
1209
1211
1212
1214
1215
1217
1219
1220
1221
1222
1227
1230
1231
1232
1233
1234
1235
1237
1242
1244
1248
1249
1250
1251
1255
1256
1258
1260
1262
1267
1268
1270
1271
1273
1274
1275
1279
1285
1289
1293
1305
1306
1309
1310
1311
1312
1313
1315
1319
1321
1322
1323
1324
1325
1326
1328
1329
1331
1336
1338
1342
1343
1344
1345
1346
1347
1352
1353
1354
1355
1356
1358
1360
1361
1364
1365
1367
1368
1371
1373
1375
1377
1379
1383
1390
1392
1393
1394
1395
1396
1397
1398
1399
1401
1402
1407
1408
1410
1411
1413
1414
1415
1416
1417
1418
1419
1420
1426
1428
1431
1432
1433
1434
1435
1438
1439
1440
1441
1449
1454
1459
1460
1461
1464
1468
1469
1474
1475
1477
1478
1479
1480
1481
1483
1484
1488
1491
1492
1494
1495
1497
1505
1506
1507
1512
1513
1516
1517
1518
1519
1521
1525
1526
1528
1534
1535
1537
1538
1540
1541
1543
1544
1545
1546
1548
1549
1550
1551
1554
1557
1558
1559
1560
1561
1562
1563
1567
1569
1571
1572
1581
1582
1585
1587
1588
1589
1590
1591
1592
1599
1600
1602
1604
1607
1608
1609
1610
1613
1614
1615
1616
1617
1621
1622
1623
1624
1625
1628
1629
1631
1633
1635
1640
1641
1643
1645
1647
1648
1649
1651
1652
1653
1655
1657
1659
1660
1665
1667
1670
1671
1674
1675
1676
1678
1679
1683
1684
1686
1687
1688
1689
1690
1694
1695
1697
1698
1699
1701
1703
1704
1708
1709
1710
1714
1716
1717
1718
1723
1724
1727
1728
1730
1731
1737
1738
1739
1742
1744
1745
1747
1752
1755
1757
1760
1763
1765
1766
1767
1768
1769
1770
1775
1777
1778
1779
1780
1781
1782
1783
1784
1786
1788
1793
1794
1800
1804
1808
1810
1820
1821
1823
1825
1826
1827
1829
1830
1834
1837
1840
1841
1842
1845
1847
1848
1849
1850
1851
1855
1856
1861
1863
1864
1869
1871
1873
1874
1878
1881
1883
1885
1887
1889
1891
1895
1897
1899
1902
1904
1905
1907
1913
1915
1919
1920
1923
1925
1927
1928
1930
1931
1935
1936
1939
1942
1944
1945
1946
1949
1953
1955
1961
1965
1966
1967
1969
1972
1973
1975
1976
1977
1978
1980
1986
1988
1989
1990
1993
1998
1999
2000
2001
2002
2003
2004
2005
2007
2009
2011
2012
2016
2018
2020
2025
2026
2028
2031
2033
2034
2037
2040
2042
2043
2048
2049
2052
2054
2055
2058
2059
2060
2061
2062
2063
2064
2065
2066
2068
2070
2071
2072
2073
2080
2081
2083
2085
2087
2088
2091
2096
2098
2100
2101
2104
2105
2107
2108
2109
2110
2115
2117
2122
2123
2125
2127
2128
2129
2130
2131
2132
2136
2137
2138
2139
2140
2141
2143
2145
2147
2148
2155
2156
2158
2162
2163
2164
2167
2168
2169
2170
2171
2172
2173
2174
2177
2178
2180
2181
2182
2185
2189
2190
2191
2193
2195
2196
2197
2198
2199
2200
2201
2203
2204
2205
2207
2210
2212
2213
2216
2218
2219
2221
2226
2228
2231
2232
2234
2236
2240
2241
2242
2243
2246
2248
2253
2254
2258
2259
2260
2261
2263
2270
2271
2275
2276
2278
2279
2280
2281
2283
2286
2287
2291
2294
2296
2301
2303
2304
2305
2309
2311
2312
2314
2315
2317
2319
2322
2324
2325
2329
2330
2333
2337
2339
2342
2347
2349
2351
2353
2355
2357
2358
2362
2363
2368
2370
2371
2374
2375
2376
2377
2378
2379
2380
2382
2383
2384
2385
2386
2387
2390
2391
2400
2402
2403
2405
2407
2408
2410
2411
2412
2415
2418
2421
2424
2425
2428
2429
2430
2433
2436
2437
2438
2440
2442
2443
2444
2447
2448
2450
2451
2452
2453
2456
2464
2465
2468
2469
2472
2473
2474
2475
2476
2477
2480
2481
2482
2483
2484
2486
2488
2489
2490
2493
2494
2495
2496
2497
2498
2499
2505
2506
2508
2511
2514
2515
2517
2519
2520
2524
2526
2527
2529
2531
2532
2533
2534
2536
2538
2539
2540
2542
2547
2548
2549
2550
2552
2553
2556
2558
2559
2560
2563
2566
2567
2568
2569
2570
2571
2572
2574
2576
2579
2581
2582
2583
2589
2590
2593
2595
2596
2599
2602
2609
2610
2611
2612
2613
2614
2616
2617
2618
2619
2621
2624
2625
2626
2627
2630
2631
2633
2634
2635
2636
2638
2641
2646
2650
2652
2654
2655
2657
2659
2667
2668
2669
2670
2676
2678
2679
2680
2682
2683
2684
2687
2690
2692
2693
2694
2695
2696
2697
2698
2704
2706
2710
2714
2715
2716
2717
2720
2721
2722
2723
2724
2728
2729
2731
2732
2733
2736
2737
2738
2739
2740
2741
2743
2745
2746
2748
2752
2755
2757
2758
2759
2761
2762
2763
2765
2766
2767
2770
2775
2776
2777
2779
2782
2787
2788
2791
2792
2793
2794
2797
2798
2799
2801
2803
2804
2805
2806
2807
2812
2816
2817
2818
2820
2824
2825
2828
2832
2835
2836
2837
2839
2842
2844
2845
2850
2853
2856
2857
2858
2862
2863
2865
2868
2870
2871
2876
2877
2880
2881
2882
2883
2885
2886
2887
2888
2889
2890
2891
2892
2897
2899
2900
2901
2902
2904
2906
2907
2912
2913
2914
2916
2917
2918
2920
2921
2924
2925
2926
2927
2928
2929
2931
2933
2936
2939
2942
2943
2944
2945
2946
2947
2950
2951
2952
2954
2956
2957
2963
2965
2966
2969
2970
2971
2972
2973
2974
2975
2976
2977
2978
2980
2981
2984
2985
2987
2988
2989
2990
2991
2993
2994
2996
3000
3001
3002
3003
3006
3008
3009
3011
3012
3015
3016
3017
3020
3023
3027
3028
3029
3030
3031
3032
3039
3041
3043
3044
3045
3046
3049
3050
3052
3053
3056
3059
3060
3062
3067
3068
3070
3071
3072
3076
3077
3079
3084
3086
3088
3089
3091
3098
3099
3103
3106
3108
3109
3110
3112
3115
3118
3120
3123
3125
3126
3129
3132
3133
3134
3136
3139
3140
3142
3145
3146
3151
3152
3155
3158
3159
3160
3162
3163
3164
3169
3173
3176
3178
3179
3182
3187
3188
3189
3190
3191
3196
3198
3201
3202
3206
3208
3209
3210
3211
3212
3214
3215
3217
3218
3221
3222
3226
3227
3228
3231
3232
3233
3234
3235
3236
3241
3243
3244
3245
3246
3248
3249
3253
3255
3257
3258
3259
3260
3261
3263
3264
3265
3267
3269
3279
3280
3283
3284
3286
3289
3290
3291
3293
3299
3300
3304
3305
3306
3307
3310
3312
3313
3316
3319
3320
3321
3324
3326
3327
3328
3330
3331
3333
3334
3336
3338
3339
3340
3341
3343
3345
3346
3347
3348
3353
3354
3355
3357
3360
3361
3362
3364
3365
3366
3368
3371
3372
3373
3377
3378
3379
3388
3391
3393
3394
3395
3396
3397
3399
3401
3404
3405
3406
3407
3408
3410
3411
3413
3414
3415
3416
3417
3418
3422
3423
3424
3425
3426
3430
3431
3435
3436
3441
3442
3443
3444
3445
3447
3449
3450
3451
3452
3456
3457
3459
3460
3465
3466
3467
3471
3474
3475
3477
3481
3484
3485
3486
3489
3491
3493
3496
3497
3498
3499
3506
3510
3512
3514
3515
3516
3517
3518
3520
3521
3522
3523
3526
3533
3536
3538
3539
3540
3544
3545
3546
3547
3548
3551
3554
3556
3557
3560
3561
3566
3567
3568
3571
3574
3575
3576
3577
3579
3583
3585
3586
3588
3590
3592
3593
3594
3595
3597
3599
3606
3608
3610
3612
3615
3617
3619
3620
3627
3629
3630
3631
3632
3634
3635
3642
3643
3646
3647
3648
3649
3650
3652
3653
3655
3656
3662
3663
3664
3665
3666
3668
3672
3673
3676
3677
3678
3679
3682
3683
3685
3687
3689
3690
3691
3693
3694
3696
3697
3698
3699
3701
3702
3707
3709
3711
3713
3714
3720
3722
3723
3724
3727
3728
3730
3731
3732
3738
3739
3740
3741
3742
3745
3746
3749
3755
3757
3762
3763
3764
3765
3767
3768
3772
3773
3776
3777
3781
3783
3785
3786
3787
3788
3791
3792
3793
3794
3796
3798
3799
3801
3802
3803
3804
3806
3808
3810
3813
3815
3819
3820
3821
3822
3823
3828
3829
3830
3831
3832
3834
3835
3838
3839
3840
3842
3843
3847
3848
3852
3854
3855
3861
3863
3869
3875
3876
3877
3879
3880
3882
3883
3884
3886
3888
3891
3895
3898
3899
3901
3902
3903
3905
3906
3907
3909
3910
3913
3915
3917
3918
3920
3923
3927
3930
3933
3934
3935
3936
3937
3938
3939
3940
3941
3944
3945
3946
3948
3951
3952
3953
3955
3956
3958
3964
3966
3967
3968
3970
3973
3975
3976
3980
3983
3984
3985
3986
3987
3988
3989
3990
3995
3996
3997
4000
4003
4004
4007
4008
4009
4010
4011
4015
4018
4019
4020
4021
4024
4026
4031
4034
4036
4037
4040
4041
4042
4043
4046
4047
4049
4053
4054
4057
4058
4061
4062
4063
4064
4065
4067
4069
4070
4071
4072
4074
4075
4080
4081
4082
4083
4086
4087
4088
4090
4091
4092
4094
4096
4097
4099
4100
4106
4109
4111
4112
4114
4115
4117
4118
4120
4123
4124
4125
4126
4127
4128
4129
4132
4137
4142
4143
4146
4150
4153
4161
4164
4166
4167
4168
4170
4171
4172
4178
4184
4186
4187
4188
4190
4191
4192
4196
4197
4200
4204
4205
4211
4213
4216
4218
4220
4223
4224
4228
4231
4237
4238
4239
4240
4241
4242
4244
4245
4246
4249
4250
4252
4255
4257
4258
4259
4260
4261
4262
4264
4265
4268
4269
4272
4273
4275
4276
4277
4278
4279
4280
4282
4283
4286
4288
4289
4290
4293
4295
4296
4298
4301
4302
4304
4309
4312
4313
4314
4315
4317
4318
4319
4320
4321
4322
4323
4324
4326
4330
4331
4333
4335
4339
4342
4343
4344
4345
4347
4348
4350
4352
4353
4356
4357
4367
4375
4378
4379
4381
4383
4384
4387
4388
4390
4394
4396
4397
4398
4399
4402
4407
4409
4414
4417
4418
4420
4421
4422
4423
4424
4427
4428
4431
4432
4433
4434
4437
4438
4439
4443
4444
4445
4446
4447
4448
4450
4451
4453
4458
4461
4462
4469
4470
4471
4472
4473
4474
4476
4478
4480
4481
4483
4484
4486
4488
4490
4491
4492
4493
4494
4495
4496
4499
4505
4506
4509
4510
4512
4514
4516
4517
4519
4520
4521
4522
4523
4524
4530
4531
4534
4536
4537
4539
4541
4543
4545
4548
4549
4550
4552
4553
4556
4557
4558
4559
4562
4564
4565
4571
4572
4577
4579
4582
4583
4584
4587
4593
4596
4597
4606
4608
4612
4614
4615
4616
4618
4619
4620
4622
4624
4628
4629
4632
4636
4637
4638
4642
4644
4646
4647
4648
4650
4654
4656
4658
4659
4662
4663
4664
4665
4667
4669
4670
4672
4676
4677
4680
4682
4684
4687
4690
4691
4692
4693
4695
4701
4702
4705
4706
4707
4709
4710
4711
4715
4717
4721
4725
4727
4730
4731
4732
4733
4734
4738
4739
4740
4744
4746
4750
4751
4754
4755
4756
4757
4759
4761
4762
4764
4766
4771
4773
4774
4777
4778
4780
4783
4787
4794
4795
4798
4800
4802
4803
4804
4806
4812
4814
4815
4817
4821
4822
4825
4826
4829
4830
4833
4839
4840
4841
4843
4847
4848
4852
4853
4855
4856
4860
4863
4865
4866
4868
4869
4870
4873
4874
4877
4878
4879
4880
4882
4883
4884
4885
4886
4898
4899
4901
4902
4904
4905
4908
4915
4916
4917
4918
4919
4920
4924
4925
4928
4932
4936
4937
4941
4942
4944
4945
4949
4950
4951
4953
4955
4956
4957
4958
4959
4961
4963
4968
4972
4973
4974
4975
4978
4985
4988
4989
4994
4999
5003
5005
5006
5009
5011
5013
5016
5017
5018
5019
5020
5022
5025
5026
5027
5029
5032
5035
5040
5046
5047
5048
5049
5050
5053
5056
5061
5062
5064
5066
5067
5071
5072
5073
5074
5075
5077
5079
5081
5082
5083
5086
5091
5097
5098
5101
5104
5105
5106
5109
5114
5115
5116
5119
5120
5122
5123
5125
5127
5128
5129
5130
5133
5134
5137
5138
5139
5141
5143
5150
5154
5156
5157
5159
5167
5168
5174
5175
5176
5178
5179
5181
5183
5184
5185
5187
5189
5190
5192
5193
5194
5198
5199
5200
5202
5205
5207
5208
5210
5211
5212
5213
5214
5220
5221
5227
5228
5230
5232
5238
5240
5241
5243
5244
5248
5251
5252
5253
5254
5255
5257
5258
5259
5260
5261
5263
5265
5268
5270
5271
5272
5273
5274
5279
5283
5284
5288
5291
5294
5296
5299
5301
5302
5303
5304
5305
5306
5307
5308
5309
5311
5314
5315
5316
5318
5320
5322
5323
5324
5328
5330
5332
5333
5334
5336
5337
5338
5339
5341
5342
5343
5344
5350
5351
5354
5359
5361
5364
5365
5367
5368
5373
5374
5375
5379
5381
5382
5384
5387
5388
5389
5390
5392
5397
5399
5400
5403
5404
5406
5407
5408
5409
5415
5416
5417
5418
5421
5422
5423
5424
5426
5431
5435
5437
5438
5439
5440
5441
5442
5444
5445
5446
5447
5450
5451
5452
5454
5455
5456
5458
5459
5461
5462
5463
5464
5468
5469
5470
5474
5475
5476
5479
5483
5484
5485
5486
5488
5489
5492
5495
5497
5498
5501
5504
5505
5507
5509
5510
5511
5512
5513
5515
5517
5519
5521
5522
5523
5526
5527
5528
5531
5532
5535
5537
5539
5540
5545
5546
5550
5553
5556
5558
5561
5565
5567
5569
5570
5571
5572
5573
5574
5575
5579
5581
5584
5586
5590
5592
5593
5598
5600
5602
5607
5608
5609
5610
5611
5612
5614
5616
5618
5620
5622
5623
5625
5626
5631
5636
5638
5640
5641
5642
5643
5646
5648
5651
5652
5653
5654
5657
5658
5659
5660
5661
5662
5664
5665
5666
5667
5670
5671
5674
5675
5676
5677
5678
5679
5682
5683
5684
5686
5688
5690
5691
5692
5694
5697
5701
5702
5703
5704
5706
5708
5709
5713
5714
5715
5718
5719
5721
5722
5723
5724
5725
5727
5728
5731
5733
5734
5737
5741
5743
5746
5748
5750
5751
5754
5756
5757
5758
5760
5765
5767
5769
5770
5772
5773
5774
5777
5778
5779
5782
5783
5787
5789
5790
5791
5792
5793
5794
5797
5798
5800
5804
5806
5808
5809
5810
5812
5814
5821
5822
5823
5825
5826
5828
5829
5830
5831
5833
5834
5835
5839
5844
5846
5848
5849
5850
5855
5857
5861
5863
5867
5869
5870
5871
5874
5876
5879
5880
5881
5882
5883
5887
5889
5890
5892
5893
5894
5895
5896
5897
5898
5901
5903
5905
5907
5908
5909
5910
5912
5914
5919
5920
5921
5922
5923
5925
5926
5927
5928
5929
5930
5933
5934
5938
5943
5946
5947
5948
5952
5954
5955
5956
5958
5960
5965
5967
5969
5971
5973
5974
5975
5976
5977
5980
5981
5984
5985
5987
5991
5994
5996
5997
6003
6004
6006
6009
6013
6014
6017
6019
6020
6023
6026
6028
6029
6030
6033
6036
6037
6038
6043
6045
6046
6050
6052
6055
6057
6059
6063
6064
6066
6070
6071
6073
6076
6077
6079
6081
6082
6083
6086
6088
6090
6091
6094
6095
6098
6100
6103
6104
6105
6106
6107
6108
6109
6110
6111
6112
6113
6114
6116
6117
6118
6119
6120
6125
6126
6130
6134
6136
6137
6138
6139
6141
6143
6146
6148
6152
6153
6154
6155
6157
6160
6162
6164
6166
6167
6171
6172
6173
6174
6176
6177
6178
6179
6180
6182
6184
6185
6186
6188
6189
6193
6194
6195
6196
6199
6202
6204
6205
6207
6210
6214
6218
6219
6221
6223
6226
6227
6230
6235
6236
6239
6240
6241
6243
6244
6251
6255
6258
6261
6263
6265
6267
6268
6269
6270
6271
6274
6275
6276
6277
6279
6280
6282
6284
6285
6287
6288
6289
6295
6296
6297
6298
6299
6300
6301
6302
6303
6304
6305
6310
6312
6315
6316
6321
6322
6323
6324
6328
6330
6334
6335
6339
6341
6344
6347
6348
6350
6352
6354
6356
6357
6358
6362
6364
6366
6367
6373
6379
6386
6387
6389
6393
6394
6396
6397
6398
6402
6403
6405
6406
6407
6408
6409
6410
6411
6412
6414
6416
6417
6418
6419
6421
6425
6427
6428
6429
6431
6432
6434
6436
6437
6438
6440
6441
6443
6447
6449
6454
6456
6459
6461
6462
6463
6466
6471
6474
6475
6476
6477
6478
6481
6486
6487
6488
6489
6490
6491
6492
6493
6494
6495
6497
6498
6499
6503
6504
6507
6510
6511
6513
6515
6516
6517
6518
6524
6525
6526
6527
6528
6531
6532
6534
6536
6537
6546
6547
6553
6554
6556
6557
6559
6560
6562
6565
6566
6567
6569
6570
6571
6572
6573
6574
6577
6580
6581
6583
6584
6588
6591
6595
6596
6597
6599
6602
6604
6607
6610
6612
6615
6616
6617
6618
6619
6621
6623
6625
6626
6627
6628
6631
6632
6634
6635
6636
6638
6640
6641
6642
6643
6645
6646
6648
6649
6651
6654
6655
6656
6657
6659
6660
6661
6665
6666
6668
6669
6672
6674
6675
6676
6677
6679
6682
6684
6685
6686
6689
6690
6692
6693
6696
6697
6699
6701
6702
6704
6707
6710
6711
6712
6714
6715
6717
6718
6720
6725
6730
6731
6733
6734
6735
6736
6737
6739
6740
6742
6743
6746
6748
6749
6753
6754
6756
6757
6761
6762
6764
6766
6767
6769
6772
6777
6780
6781
6782
6783
6785
6789
6790
6791
6792
6796
6798
6799
6801
6806
6808
6809
6812
6813
6814
6816
6818
6822
6824
6825
6826
6827
6832
6833
6837
6838
6840
6841
6842
6843
6844
6845
6846
6849
6851
6853
6854
6855
6856
6858
6859
6861
6863
6866
6867
6868
6869
6871
6872
6873
6874
6875
6877
6881
6883
6884
6885
6887
6888
6889
6890
6893
6895
6896
6898
6899
6900
6901
6904
6907
6908
6910
6911
6914
6916
6919
6920
6923
6925
6926
6927
6930
6931
6932
6935
6938
6940
6943
6945
6946
6948
6949
6950
6951
6952
6953
6957
6965
6969
6975
6978
6979
6981
6982
6985
6987
6988
6989
6991
6992
6993
6994
6995
6996
6998
6999
7002
7004
7007
7008
7013
7014
7016
7017
7021
7024
7033
7034
7036
7039
7040
7041
7044
7045
7050
7051
7053
7055
7057
7058
7060
7062
7064
7068
7071
7075
7076
7080
7082
7084
7085
7086
7087
7090
7092
7093
7098
7100
7101
7102
7105
7106
7107
7112
7113
7116
7117
7119
7120
7121
7123
7124
7125
7126
7129
7133
7135
7140
7147
7149
7150
7152
7154
7155
7156
7159
7160
7161
7162
7163
7164
7165
7168
7169
7170
7171
7172
7175
7180
7181
7182
7183
7185
7191
7192
7194
7195
7198
7200
7201
7202
7204
7205
7210
7211
7216
7217
7219
7223
7226
7232
7234
7237
7239
7241
7242
7243
7244
7245
7246
7247
7248
7249
7251
7253
7254
7255
7257
7259
7260
7261
7262
7264
7268
7271
7273
7275
7276
7277
7280
7281
7285
7286
7290
7293
7294
7295
7296
7297
7300
7301
7303
7306
7307
7309
7310
7311
7312
7313
7316
7317
7318
7319
7321
7324
7325
7329
7330
7331
7332
7333
7337
7338
7339
7341
7343
7344
7347
7349
7351
7353
7355
7359
7362
7364
7365
7366
7367
7369
7372
7373
7374
7377
7379
7384
7385
7390
7391
7392
7393
7397
7398
7399
7401
7402
7404
7405
7406
7408
7411
7412
7417
7418
7421
7423
7424
7425
7426
7428
7436
7438
7439
7440
7441
7443
7445
7446
7448
7449
7451
7452
7453
7454
7455
7458
7459
7460
7461
7464
7466
7467
7469
7470
7472
7474
7476
7477
7478
7480
7481
7482
7483
7484
7487
7488
7492
7494
7495
7496
7497
7500
7503
7505
7507
7508
7515
7516
7520
7521
7522
7524
7525
7528
7529
7530
7531
7537
7538
7540
7541
7544
7547
7549
7551
7556
7557
7561
7562
7563
7565
7566
7567
7572
7574
7576
7578
7580
7583
7584
7585
7591
7593
7594
7598
7600
7601
7602
7604
7606
7607
7609
7612
7616
7617
7619
7625
7627
7628
7630
7631
7632
7633
7638
7639
7640
7642
7643
7645
7646
7651
7652
7654
7657
7659
7662
7664
7665
7667
7671
7672
7673
7676
7677
7679
7680
7682
7686
7687
7690
7691
7692
7694
7698
7705
7706
7707
7709
7711
7714
7716
7719
7721
7723
7725
7726
7727
7728
7729
7731
7733
7735
7736
7738
7740
7741
7742
7745
7748
7752
7756
7758
7761
7762
7763
7764
7767
7770
7771
7772
7777
7780
7781
7782
7784
7786
7788
7794
7795
7797
7798
7799
7802
7803
7804
7806
7807
7810
7812
7816
7817
7819
7820
7821
7822
7824
7826
7827
7828
7833
7834
7835
7837
7838
7839
7841
7844
7845
7846
7849
7850
7851
7854
7855
7861
7862
7863
7867
7869
7871
7873
7875
7876
7877
7878
7879
7887
7888
7891
7893
7899
7900
7904
7905
7906
7908
7909
7910
7912
7913
7914
7915
7916
7917
7919
7920
7921
7923
7926
7930
7932
7933
7936
7937
7939
7941
7943
7944
7945
7946
7947
7949
7951
7952
7954
7955
7958
7959
7960
7963
7964
7965
7966
7968
7970
7979
7981
7982
7984
7987
7988
7990
7991
7996
8000
8002
8008
8011
8012
8014
8017
8018
8019
8024
8027
8029
8031
8032
8033
8035
8036
8038
8040
8042
8043
8045
8046
8047
8048
8051
8053
8055
8057
8058
8059
8060
8064
8066
8067
8068
8069
8072
8073
8075
8076
8077
8078
8080
8084
8085
8086
8087
8088
8089
8092
8095
8096
8098
8099
8102
8103
8109
8110
8111
8112
8113
8114
8115
8116
8119
8121
8122
8124
8127
8132
8134
8135
8136
8137
8138
8139
8142
8146
8148
8151
8158
8159
8160
8161
8163
8164
8165
8168
8170
8172
8173
8174
8176
8178
8179
8181
8182
8183
8184
8186
8188
8189
8191
8192
8193
8194
8195
8196
8202
8205
8206
8207
8209
8210
8211
8215
8216
8217
8218
8222
8223
8225
8226
8227
8228
8237
8238
8242
8244
8245
8250
8252
8253
8256
8257
8259
8261
8263
8264
8265
8267
8269
8270
8271
8273
8274
8278
8280
8286
8288
8290
8291
8294
8295
8296
8297
8298
8306
8309
8310
8311
8315
8317
8318
8319
8320
8321
8324
8326
8328
8329
8331
8333
8335
8339
8340
8343
8345
8347
8349
8353
8357
8358
8360
8363
8366
8367
8369
8371
8373
8375
8377
8379
8381
8383
8384
8385
8387
8388
8390
8392
8400
8401
8402
8403
8413
8415
8416
8418
8421
8423
8429
8431
8436
8438
8440
8447
8449
8450
8452
8453
8454
8456
8457
8458
8459
8466
8468
8470
8471
8472
8473
8477
8478
8481
8482
8487
8488
8490
8491
8492
8494
8496
8498
8499
8500
8507
8508
8509
8510
8513
8514
8515
8519
8520
8522
8524
8525
8526
8527
8529
8530
8533
8534
8535
8536
8538
8539
8540
8541
8542
8547
8548
8549
8551
8553
8554
8555
8557
8558
8559
8560
8564
8567
8569
8570
8573
8576
8579
8580
8583
8584
8585
8586
8587
8588
8595
8596
8597
8598
8601
8602
8603
8606
8607
8611
8613
8614
8615
8616
8618
8619
8621
8622
8624
8627
8628
8630
8632
8633
8635
8637
8644
8649
8650
8651
8652
8653
8654
8660
8664
8670
8672
8676
8677
8680
8682
8683
8684
8690
8691
8693
8694
8695
8696
8702
8703
8704
8707
8711
8715
8716
8718
8719
8722
8723
8726
8727
8728
8729
8732
8733
8738
8740
8742
8743
8746
8747
8748
8751
8754
8755
8757
8759
8760
8761
8762
8763
8764
8766
8769
8771
8772
8774
8778
8779
8780
8782
8784
8785
8786
8791
8792
8793
8794
8795
8796
8797
8798
8801
8802
8803
8805
8807
8808
8816
8817
8821
8827
8828
8829
8832
8834
8835
8836
8837
8838
8839
8841
8844
8849
8857
8858
8859
8861
8862
8863
8866
8868
8869
8870
8872
8874
8877
8880
8881
8882
8883
8887
8889
8890
8891
8894
8897
8899
8900
8902
8903
8904
8905
8906
8907
8911
8912
8913
8915
8916
8917
8919
8921
8922
8923
8924
8925
8927
8928
8933
8935
8936
8939
8940
8941
8942
8944
8945
8946
8947
8948
8951
8952
8953
8956
8957
8959
8960
8962
8964
8965
8966
8967
8968
8971
8973
8975
8977
8978
8979
8982
8985
8986
8990
8993
8996
8998
8999
9000
9003
9004
9006
9007
9008
9009
9010
9011
9012
9013
9014
9015
9017
9020
9021
9024
9027
9028
9029
9032
9033
9034
9036
9043
9046
9047
9049
9050
9054
9055
9056
9058
9060
9064
9065
9066
9068
9072
9074
9075
9079
9080
9081
9083
9086
9089
9091
9092
9095
9097
9099
9100
9101
9102
9103
9105
9106
9107
9108
9113
9114
9116
9117
9123
9125
9127
9129
9135
9136
9140
9141
9144
9145
9146
9147
9150
9152
9154
9155
9156
9157
9158
9164
9165
9168
9170
9172
9174
9176
9178
9180
9186
9187
9190
9195
9197
9199
9200
9203
9205
9206
9207
9209
9210
9211
9212
9216
9217
9218
9219
9220
9221
9222
9223
9224
9225
9229
9231
9232
9234
9238
9243
9244
9245
9246
9248
9252
9254
9256
9264
9265
9266
9267
9270
9271
9273
9278
9279
9280
9281
9283
9284
9288
9290
9292
9294
9299
9301
9302
9303
9304
9308
9311
9312
9316
9319
9322
9323
9324
9325
9326
9327
9330
9331
9333
9334
9338
9339
9341
9343
9349
9350
9351
9353
9354
9355
9359
9360
9361
9363
9365
9366
9373
9376
9378
9385
9387
9388
9391
9393
9399
9401
9402
9403
9405
9406
9408
9409
9413
9423
9425
9429
9431
9438
9439
9441
9443
9444
9445
9448
9450
9451
9452
9453
9454
9459
9461
9471
9472
9473
9475
9481
9482
9484
9485
9488
9490
9491
9492
9496
9498
9501
9503
9504
9507
9508
9510
9511
9512
9516
9517
9518
9519
9522
9523
9524
9525
9526
9527
9530
9535
9537
9541
9543
9546
9547
9549
9550
9554
9558
9559
9563
9564
9567
9568
9569
9571
9573
9575
9577
9578
9580
9582
9584
9586
9588
9589
9592
9596
9597
9598
9599
9600
9602
9604
9605
9607
9608
9611
9613
9614
9615
9616
9620
9622
9637
9639
9642
9643
9646
9651
9652
9654
9655
9658
9659
9660
9661
9662
9663
9665
9666
9668
9671
9672
9676
9679
9680
9681
9682
9683
9684
9685
9687
9691
9692
9696
9699
9700
9702
9703
9706
9707
9708
9709
9710
9712
9715
9716
9717
9718
9721
9725
9728
9732
9733
9739
9740
9741
9743
9744
9747
9748
9749
9752
9754
9757
9760
9762
9763
9765
9767
9768
9771
9775
9776
9779
9781
9782
9786
9787
9788
9790
9792
9794
9795
9801
9803
9806
9808
9811
9812
9813
9814
9815
9816
9819
9820
9821
9822
9823
9824
9825
9826
9827
9831
9835
9838
9839
9841
9842
9843
9847
9848
9849
9851
9852
9853
9854
9856
9858
9859
9862
9863
9865
9867
9868
9869
9870
9871
9872
9874
9876
9880
9882
9884
9885
9886
9887
9889
9890
9893
9894
9898
9899
9900
9901
9902
9903
9906
9908
9909
9911
9915
9916
9922
9926
9927
9929
9932
9933
9934
9935
9936
9937
9938
9939
9941
9944
9949
9951
9952
9956
9960
9962
9963
9964
9967
9971
9973
9978
9980
9982
9983
9984
9985
9988
9989
9990
9991
9992
9993
9994
9996
9997
9998
9999
10000
10002
10003
10004
10005
10007
10009
10010
10011
10012
10013
10016
10017
10020
10022
10026
10027
10028
10029
10030
10032
10033
10036
10039
10040
10043
10049
10051
10052
10054
10056
10058
10059
10060
10061
10066
10067
10068
10070
10076
10077
10078
10080
10081
10083
10086
10087
10089
10090
10091
10092
10093
10096
10098
10101
10104
10106
10107
10110
10111
10113
10114
10115
10116
10117
10119
10120
10122
10124
10125
10127
10130
10131
10132
10133
10134
10135
10137
10138
10139
10140
10146
10149
10150
10154
10155
10157
10158
10162
10163
10164
10165
10166
10167
10169
10170
10171
10172
10174
10175
10177
10179
10181
10184
10185
10186
10188
10189
10191
10192
10193
10194
10196
10197
10198
10199
10200
10202
10204
10207
10208
10210
10211
10213
10216
10217
10218
10225
10227
10232
10234
10237
10238
10239
10240
10242
10245
10247
10251
10253
10254
10255
10257
10263
10265
10266
10267
10269
10271
10272
10274
10276
10277
10278
10279
10280
10281
10282
10284
10286
10287
10288
10289
10290
10291
10292
10293
10295
10298
10299
10300
10301
10302
10304
10305
10307
10311
10312
10314
10318
10319
10321
10323
10324
10325
10328
10329
10334
10336
10338
10341
10342
10345
10346
10347
10348
10349
10350
10352
10353
10355
10356
10358
10359
10360
10361
10362
10368
10369
10373
10376
10379
10380
10382
10385
10390
10393
10394
10396
10397
10398
10402
10403
10408
10410
10411
10412
10416
10418
10420
10421
10422
10423
10426
10427
10428
10430
10433
10434
10438
10439
10440
10444
10445
10447
10448
10449
10450
10452
10455
10457
10458
10460
10462
10463
10466
10467
10470
10473
10475
10476
10478
10479
10481
10482
10489
10493
10495
10496
10497
10498
10499
10501
10502
10504
10506
10510
10511
10512
10515
10516
10517
10518
10520
10522
10524
10525
10531
10532
10535
10536
10539
10540
10544
10545
10546
10547
10551
10554
10557
10563
10564
10565
10568
10569
10571
10572
10573
10575
10576
10578
10584
10587
10591
10596
10597
10599
10601
10602
10605
10608
10609
10610
10612
10617
10620
10621
10626
10629
10631
10632
10633
10634
10635
10637
10638
10641
10642
10645
10646
10647
10649
10652
10653
10657
10663
10665
10666
10669
10670
10671
10672
10675
10676
10678
10679
10681
10683
10685
10686
10687
10689
10690
10691
10694
10696
10697
10699
10700
10701
10704
10708
10709
10710
10711
10713
10715
10720
10721
10722
10723
10724
10725
10726
10727
10729
10736
10737
10739
10740
10742
10743
10745
10747
10748
10749
10751
10753
10760
10762
10767
10769
10771
10773
10774
10775
10777
10778
10779
10780
10782
10783
10784
10785
10787
10788
10789
10790
10791
10793
10799
10800
10802
10803
10805
10807
10809
10811
10813
10814
10816
10817
10818
10819
10820
10824
10826
10828
10832
10837
10838
10839
10842
10844
10846
10850
10853
10855
10857
10861
10863
10865
10866
10867
10870
10871
10872
10873
10878
10881
10882
10883
10884
10886
10888
10889
10892
10893
10894
10895
10896
10898
10899
10901
10904
10905
10907
10908
10909
10911
10914
10915
10918
10920
10922
10925
10927
10929
10931
10932
10933
10937
10938
10939
10940
10941
10942
10943
10944
10946
10947
10948
10951
10954
10955
10956
10959
10961
10964
10967
10969
10970
10972
10973
10974
10976
10977
10981
10985
10986
10987
10988
10989
10991
10992
10993
10995
10997
10999
11001
11004
11007
11009
11012
11013
11015
11017
11020
11022
11023
11025
11026
11029
11030
11031
11032
11033
11034
11036
11037
11038
11040
11041
11043
11049
11050
11051
11052
11057
11059
11061
11063
11065
11067
11070
11071
11073
11074
11076
11078
11079
11082
11084
11085
11086
11087
11088
11089
11090
11094
11095
11097
11101
11105
11106
11107
11109
11111
11112
11115
11116
11118
11122
11123
11124
11125
11127
11128
11131
11132
11133
11135
11137
11139
11144
11145
11152
11153
11154
11156
11158
11160
11162
11164
11165
11166
11167
11170
11171
11173
11174
11175
11183
11186
11187
11188
11190
11192
11193
11197
11199
11200
11204
11205
11207
11212
11215
11218
11219
11220
11221
11223
11225
11229
11233
11234
11235
11236
11237
11238
11243
11244
11245
11246
11253
11257
11259
11260
11262
11263
11264
11265
11266
11267
11269
11270
11273
11274
11278
11280
11281
11283
11286
11290
11292
11293
11294
11295
11302
11303
11304
11306
11307
11311
11313
11314
11316
11319
11322
11323
11325
11327
11329
11330
11331
11334
11337
11339
11340
11341
11343
11344
11346
11348
11349
11350
11351
11352
11355
11356
11359
11360
11361
11365
11366
11369
11373
11374
11375
11376
11377
11378
11380
11381
11382
11385
11389
11395
11396
11399
11400
11403
11404
11406
11407
11411
11413
11418
11421
11422
11423
11426
11427
11428
11429
11430
11432
11434
11435
11436
11437
11440
11442
11444
11446
11448
11452
11457
11458
11459
11460
11461
11466
11467
11468
11470
11472
11474
11475
11476
11477
11478
11480
11484
11486
11490
11493
11495
11497
11499
11500
11501
11502
11504
11506
11509
11510
11512
11513
11514
11518
11520
11521
11527
11528
11529
11530
11531
11532
11533
11534
11535
11536
11537
11538
11539
11541
11542
11543
11544
11545
11547
11548
11550
11552
11553
11554
11555
11558
11560
11562
11563
11566
11568
11572
11573
11575
11576
11577
11580
11581
11584
11589
11591
11592
11595
11596
11597
11599
11600
11603
11604
11608
11611
11612
11615
11616
11617
11618
11620
11623
11625
11626
11627
11629
11631
11632
11633
11634
11639
11641
11642
11643
11645
11646
11647
11648
11650
11651
11653
11654
11655
11656
11657
11658
11659
11660
11661
11665
11666
11667
11668
11669
11674
11675
11676
11679
11681
11682
11688
11689
11690
11691
11692
11695
11696
11702
11703
11704
11706
11707
11709
11710
11711
11713
11716
11717
11720
11721
11725
11727
11728
11729
11730
11731
11732
11733
11734
11736
11740
11741
11742
11743
11744
11745
11748
11754
11756
11760
11761
11762
11763
11765
11766
11767
11768
11769
11770
11771
11778
11779
11783
11784
11785
11786
11787
11789
11792
11793
11796
11797
11798
11803
11805
11806
11809
11811
11812
11814
11815
11816
11817
11818
11820
11821
11822
11827
11828
11829
11833
11834
11836
11839
11840
11842
11843
11844
11845
11848
11849
11851
11855
11857
11858
11859
11861
11863
11864
11865
11866
11867
11869
11870
11871
11873
11874
11876
11877
11880
11881
11887
11888
11890
11891
11894
11901
11903
11904
11905
11907
11908
11909
11913
11916
11918
11919
11922
11923
11924
11926
11927
11929
11930
11935
11937
11939
11940
11942
11945
11946
11948
11949
11951
11952
11955
11959
11961
11962
11963
11965
11969
11971
11974
11975
11976
11979
11982
11984
11985
11986
11988
11990
11991
11992
11997
11998
11999
12000
12001
12003
12007
12009
12011
12014
12015
12019
12020
12024
12025
12027
12028
12031
12032
12033
12034
12036
12039
12041
12042
12044
12049
12050
12051
12053
12055
12058
12059
12060
12061
12063
12064
12065
12068
12069
12070
12071
12074
12076
12077
12078
12081
12082
12083
12088
12089
12090
12091
12092
12095
12096
12099
12101
12104
12105
12107
12110
12111
12112
12115
12116
12118
12119
12120
12121
12123
12124
12125
12126
12127
12128
12130
12131
12133
12136
12139
12141
12142
12143
12147
12149
12154
12158
12159
12160
12163
12164
12171
12177
12179
12186
12188
12189
12193
12194
12199
12201
12202
12203
12205
12207
12208
12209
12212
12214
12218
12220
12222
12223
12226
12228
12229
12231
12235
12239
12240
12242
12245
12246
12248
12250
12252
12255
12256
12261
12262
12264
12267
12270
12273
12274
12275
12277
12280
12281
12282
12285
12287
12288
12292
12295
12296
12298
12299
12300
12302
12303
12306
12307
12309
12311
12312
12317
12318
12320
12321
12324
12326
12327
12328
12330
12331
12332
12333
12336
12338
12339
12340
12342
12345
12348
12351
12352
12353
12356
12357
12359
12360
12365
12366
12369
12374
12377
12379
12382
12383
12386
12393
12397
12399
12400
12401
12404
12405
12406
12408
12409
12411
12412
12413
12414
12415
12417
12421
12422
12423
12425
12429
12432
12434
12435
12436
12437
12438
12441
12446
12447
12448
12449
12453
12454
12455
12458
12460
12464
12465
12466
12468
12469
12470
12473
12474
12483
12491
12494
12495
12499
12501
12502
12506
12508
12509
12512
12513
12515
12517
12520
12522
12525
12526
12529
12535
12537
12538
12540
12541
12544
12549
12550
12553
12555
12556
12557
12558
12561
12562
12563
12564
12565
12566
12572
12573
12575
12576
12577
12578
12582
12585
12587
12593
12594
12595
12596
12598
12599
12602
12603
12607
12608
12610
12611
12612
12614
12615
12616
12619
12620
12622
12623
12624
12626
12634
12636
12637
12645
12649
12650
12656
12662
12664
12666
12669
12672
12673
12675
12676
12677
12678
12679
12681
12682
12683
12687
12688
12695
12697
12700
12701
12712
12713
12715
12720
12721
12724
12725
12728
12732
12733
12734
12738
12741
12746
12748
12749
12753
12754
12755
12756
12757
12759
12762
12766
12768
12769
12771
12776
12778
12780
12782
12783
12787
12789
12792
12795
12798
12802
12803
12806
12807
12810
12811
12812
12813
12814
12815
12817
12819
12824
12825
12826
12829
12831
12832
12833
12834
12838
12840
12842
12844
12845
12847
12852
12853
12854
12855
12857
12858
12862
12865
12866
12870
12871
12875
12878
12879
12881
12883
12884
12885
12888
12890
12891
12893
12895
12899
12900
12902
12903
12905
12906
12907
12908
12909
12911
12912
12914
12918
12919
12920
12921
12922
12923
12924
12944
12946
12949
12950
12951
12952
12953
12954
12956
12957
12958
12959
12962
12963
12966
12969
12970
12976
12978
12984
12986
12987
12988
12989
12990
12992
12993
12995
12996
12997
13001
13002
13004
13005
13008
13010
13013
13014
13018
13021
13022
13024
13026
13030
13032
13035
13037
13043
13044
13047
13050
13051
13052
13053
13054
13055
13056
13058
13059
13060
13061
13062
13063
13064
13066
13067
13068
13071
13073
13074
13075
13076
13077
13079
13080
13083
13087
13089
13090
13092
13093
13094
13095
13096
13098
13099
13102
13103
13112
13120
13122
13124
13127
13131
13133
13138
13140
13141
13142
13144
13146
13147
13148
13149
13150
13151
13152
13153
13154
13156
13161
13162
13164
13165
13166
13169
13170
13171
13172
13173
13174
13175
13176
13179
13180
13183
13187
13189
13190
13191
13193
13195
13202
13205
13207
13209
13211
13212
13213
13214
13216
13217
13220
13221
13223
13227
13229
13230
13232
13233
13236
13237
13238
13240
13241
13242
13243
13245
13246
13247
13249
13250
13251
13252
13255
13262
13263
13264
13266
13268
13269
13270
13271
13272
13273
13274
13275
13277
13278
13279
13281
13282
13283
13288
13290
13291
13295
13296
13297
13299
13301
13302
13305
13309
13310
13311
13314
13316
13317
13318
13319
13320
13321
13322
13324
13325
13329
13332
13336
13337
13340
13342
13345
13346
13347
13348
13351
13352
13354
13356
13357
13360
13361
13363
13364
13365
13370
13373
13374
13375
13376
13378
13380
13381
13382
13384
13385
13386
13388
13389
13390
13397
13399
13400
13401
13402
13406
13407
13408
13410
13412
13415
13416
13417
13418
13419
13421
13422
13424
13425
13427
13429
13430
13433
13435
13437
13438
13439
13442
13444
13445
13448
13449
13452
13453
13455
13459
13460
13462
13463
13465
13470
13471
13472
13477
13479
13480
13481
13482
13483
13484
13486
13487
13488
13491
13492
13494
13495
13498
13499
13500
13503
13504
13506
13507
13508
13509
13511
13513
13514
13516
13517
13518
13519
13520
13521
13522
13523
13525
13527
13529
13531
13532
13533
13535
13537
13543
13545
13546
13549
13550
13552
13555
13558
13559
13561
13562
13566
13571
13572
13575
13579
13580
13581
13582
13583
13587
13588
13595
13598
13599
13603
13605
13608
13610
13611
13612
13614
13616
13618
13621
13623
13624
13626
13630
13633
13641
13643
13647
13650
13652
13654
13655
13656
13657
13658
13659
13660
13661
13662
13663
13665
13666
13667
13668
13671
13672
13673
13676
13679
13681
13684
13685
13686
13691
13693
13694
13695
13696
13697
13701
13704
13705
13707
13708
13711
13712
13715
13716
13717
13718
13719
13723
13726
13728
13731
13734
13736
13738
13739
13740
13741
13743
13744
13745
13747
13748
13751
13752
13753
13755
13756
13759
13760
13762
13766
13767
13768
13771
13774
13775
13776
13777
13779
13780
13784
13785
13787
13788
13789
13790
13796
13799
13804
13809
13812
13814
13815
13819
13820
13821
13822
13823
13826
13827
13828
13829
13831
13832
13834
13837
13839
13841
13842
13843
13844
13846
13848
13850
13851
13853
13855
13857
13859
13861
13862
13864
13865
13867
13871
13872
13875
13876
13878
13879
13880
13885
13887
13890
13891
13892
13895
13897
13899
13901
13903
13909
13910
13911
13913
13915
13918
13919
13920
13921
13923
13929
13932
13933
13934
13937
13938
13942
13943
13944
13945
13946
13947
13948
13950
13951
13952
13953
13954
13956
13960
13963
13965
13966
13971
13972
13979
13980
13981
13984
13985
13987
13988
13989
13990
13992
13994
13996
13998
14001
14002
14004
14006
14008
14009
14010
14011
14013
14014
14015
14020
14021
14024
14025
14027
14029
14030
14032
14035
14036
14037
14042
14043
14047
14052
14053
14056
14058
14059
14060
14063
14064
14066
14067
14068
14069
14071
14072
14076
14077
14080
14081
14082
14083
14088
14090
14091
14092
14093
14094
14095
14096
14097
14098
14100
14102
14104
14107
14109
14110
14112
14113
14114
14115
14117
14119
14120
14121
14122
14127
14130
14131
14132
14134
14136
14137
14143
14144
14146
14148
14150
14152
14153
14154
14158
14159
14160
14163
14164
14165
14166
14167
14168
14171
14174
14175
14178
14179
14183
14184
14185
14186
14188
14191
14192
14194
14195
14197
14201
14203
14206
14209
14210
14211
14212
14215
14216
14218
14219
14223
14225
14226
14227
14233
14234
14235
14236
14239
14241
14244
14245
14247
14248
14249
14251
14252
14255
14256
14257
14262
14263
14265
14266
14267
14268
14269
14270
14271
14273
14274
14276
14278
14279
14280
14281
14282
14288
14290
14292
14293
14295
14297
14303
14304
14305
14307
14311
14312
14313
14318
14324
14327
14331
14332
14335
14337
14339
14340
14343
14344
14345
14351
14359
14360
14361
14362
14365
14368
14369
14371
14372
14374
14375
14378
14380
14381
14382
14384
14385
14386
14388
14389
14390
14393
14394
14395
14396
14401
14405
14413
14414
14415
14416
14418
14420
14422
14423
14424
14425
14427
14429
14432
14434
14435
14437
14439
14441
14442
14449
14451
14457
14458
14459
14462
14463
14464
14466
14468
14469
14470
14471
14472
14473
14476
14477
14479
14480
14481
14482
14486
14487
14491
14492
14493
14494
14496
14497
14498
14499
14504
14505
14507
14508
14509
14511
14513
14515
14516
14519
14521
14522
14523
14524
14525
14526
14528
14529
14530
14534
14539
14540
14542
14545
14546
14552
14555
14557
14558
14560
14562
14564
14565
14566
14567
14569
14570
14573
14576
14577
14579
14581
14582
14583
14584
14585
14586
14588
14594
14597
14602
14606
14607
14608
14610
14614
14616
14618
14619
14623
14627
14629
14630
14631
14635
14639
14640
14642
14643
14648
14650
14652
14653
14654
14659
14661
14665
14666
14667
14668
14669
14670
14672
14673
14674
14675
14676
14677
14678
14680
14682
14683
14685
14687
14688
14690
14702
14704
14707
14709
14711
14712
14714
14717
14722
14723
14724
14725
14726
14727
14730
14732
14734
14735
14737
14738
14741
14742
14746
14748
14749
14750
14752
14753
14756
14757
14758
14762
14764
14765
14769
14770
14771
14773
14775
14776
14778
14779
14782
14783
14786
14787
14789
14790
14791
14794
14795
14796
14800
14801
14802
14803
14804
14805
14809
14810
14813
14815
14818
14820
14821
14826
14827
14830
14832
14838
14841
14842
14847
14850
14852
14854
14855
14858
14860
14862
14863
14864
14865
14868
14869
14871
14876
14879
14880
14881
14882
14884
14885
14886
14888
14891
14892
14899
14901
14903
14905
14906
14907
14913
14916
14920
14921
14922
14923
14925
14927
14929
14931
14933
14937
14940
14942
14943
14944
14947
14949
14951
14953
14954
14956
14958
14960
14961
14963
14965
14967
14968
14970
14972
14974
14975
14976
14977
14980
14981
14982
14983
14987
14989
14990
14992
14993
14994
14995
14997
14999
15000
15001
15002
15004
15005
15007
15010
15012
15013
15015
15019
15021
15023
15024
15025
15028
15029
15031
15035
15036
15037
15039
15043
15045
15046
15047
15051
15052
15053
15054
15056
15057
15059
15060
15062
15064
15065
15066
15067
15069
15071
15072
15073
15075
15078
15082
15085
15088
15090
15094
15095
15096
15098
15100
15101
15102
15103
15104
15105
15108
15113
15115
15116
15117
15120
15122
15126
15127
15129
15131
15137
15138
15144
15147
15148
15149
15150
15152
15156
15165
15166
15167
15171
15172
15174
15177
15179
15184
15194
15196
15197
15198
15200
15201
15202
15204
15205
15208
15209
15210
15211
15214
15216
15217
15219
15221
15222
15223
15224
15230
15232
15233
15237
15239
15240
15243
15244
15246
15249
15250
15252
15256
15258
15261
15263
15265
15266
15268
15270
15272
15273
15274
15276
15278
15280
15281
15286
15287
15288
15290
15291
15293
15296
15297
15299
15300
15301
15302
15303
15306
15307
15309
15314
15315
15316
15317
15323
15325
15326
15328
15329
15330
15332
15333
15334
15335
15336
15338
15340
15342
15343
15345
15346
15347
15349
15350
15354
15355
15356
15358
15359
15362
15363
15365
15366
15367
15368
15371
15373
15374
15376
15379
15380
15383
15384
15386
15387
15390
15394
15395
15396
15398
15399
15400
15402
15403
15405
15406
15412
15415
15420
15423
15424
15425
15426
15433
15434
15436
15440
15441
15442
15445
15448
15450
15451
15453
15454
15455
15456
15457
15458
15459
15460
15461
15462
15468
15473
15474
15475
15477
15478
15481
15483
15484
15486
15489
15492
15494
15497
15498
15499
15502
15504
15506
15508
15509
15511
15513
15514
15517
15520
15523
15527
15528
15529
15530
15531
15535
15537
15540
15541
15543
15547
15548
15551
15555
15556
15558
15559
15561
15562
15564
15565
15566
15568
15571
15572
15573
15574
15575
15576
15577
15578
15579
15581
15585
15586
15588
15589
15590
15591
15592
15595
15598
15600
15603
15606
15608
15611
15621
15622
15624
15626
15627
15628
15631
15632
15633
15634
15635
15636
15637
15638
15641
15644
15645
15646
15647
15653
15654
15657
15658
15660
15662
15664
15666
15667
15668
15670
15672
15674
15675
15676
15678
15679
15684
15685
15687
15688
15689
15690
15691
15694
15698
15699
15700
15701
15702
15703
15704
15705
15706
15707
15709
15710
15711
15713
15714
15717
15723
15724
15727
15728
15731
15732
15733
15734
15735
15736
15738
15739
15748
15749
15753
15755
15756
15759
15761
15764
15769
15770
15772
15775
15779
15781
15783
15784
15785
15790
15791
15792
15794
15797
15799
15800
15801
15803
15804
15805
15808
15810
15813
15814
15816
15817
15818
15819
15821
15823
15824
15825
15826
15828
15832
15834
15838
15841
15842
15848
15849
15850
15853
15854
15856
15857
15859
15860
15862
15863
15864
15866
15867
15868
15870
15873
15876
15879
15882
15883
15884
15885
15888
15890
15891
15893
15894
15895
15896
15897
15898
15899
15902
15904
15905
15906
15907
15908
15909
15911
15912
15913
15915
15917
15919
15921
15922
15925
15929
15931
15932
15936
15937
15940
15941
15942
15943
15944
15946
15947
15952
15962
15963
15964
15969
15970
15971
15973
15975
15979
15981
15987
15988
15989
15990
15993
15997
15998
15999
16000
16001
16004
16008
16010
16012
16013
16015
16016
16020
16021
16022
16024
16027
16030
16031
16034
16035
16036
16037
16038
16040
16044
16046
16047
16050
16051
16052
16053
16054
16056
16057
16058
16059
16062
16064
16065
16066
16068
16070
16073
16076
16077
16083
16085
16086
16087
16089
16091
16098
16099
16100
16101
16102
16103
16104
16109
16111
16112
16113
16118
16119
16121
16124
16125
16130
16131
16132
16133
16134
16136
16137
16139
16142
16144
16146
16148
16149
16151
16153
16163
16168
16169
16170
16172
16175
16176
16179
16180
16181
16182
16185
16186
16187
16189
16190
16196
16198
16199
16200
16201
16204
16207
16210
16212
16214
16216
16217
16218
16219
16223
16225
16227
16231
16235
16238
16239
16240
16241
16242
16243
16246
16251
16252
16254
16255
16256
16258
16260
16261
16263
16265
16267
16273
16275
16277
16278
16281
16282
16283
16284
16285
16287
16288
16290
16293
16299
16302
16303
16304
16307
16308
16309
16312
16313
16318
16320
16321
16324
16325
16326
16327
16328
16330
16332
16335
16337
16338
16339
16340
16341
16344
16345
16347
16349
16350
16353
16356
16361
16362
16367
16369
16372
16373
16378
16379
16380
16381
16382
16383
16384
16386
16387
16389
16394
16396
16397
16399
16401
16404
16405
16406
16407
16409
16411
16413
16414
16416
16418
16419
16420
16422
16425
16426
16427
16433
16434
16435
16437
16439
16442
16443
16444
16446
16447
16449
16450
16451
16453
16454
16455
16458
16459
16460
16461
16464
16465
16467
16474
16475
16476
16478
16479
16481
16484
16486
16492
16493
16496
16497
16498
16502
16503
16504
16506
16507
16508
16509
16510
16512
16517
16518
16519
16521
16522
16523
16524
16528
16530
16532
16538
16543
16545
16546
16547
16548
16550
16552
16554
16556
16558
16559
16560
16561
16562
16563
16564
16565
16568
16570
16571
16574
16576
16582
16583
16592
16595
16598
16599
16601
16603
16604
16605
16606
16608
16611
16614
16618
16619
16621
16623
16626
16627
16628
16629
16630
16632
16633
16635
16636
16639
16642
16644
16648
16649
16650
16654
16657
16658
16660
16661
16662
16669
16674
16675
16677
16679
16681
16682
16684
16685
16686
16694
16696
16698
16700
16701
16702
16709
16711
16712
16713
16714
16715
16720
16727
16732
16733
16735
16740
16741
16743
16748
16751
16752
16755
16757
16759
16761
16762
16763
16766
16770
16773
16774
16776
16777
16779
16780
16781
16784
16785
16787
16788
16789
16791
16792
16793
16794
16797
16798
16800
16802
16803
16806
16808
16812
16813
16814
16816
16821
16824
16825
16828
16836
16837
16839
16841
16843
16845
16847
16848
16850
16851
16853
16854
16855
16856
16857
16858
16864
16865
16866
16868
16870
16873
16877
16879
16882
16886
16887
16889
16890
16892
16893
16895
16901
16902
16903
16904
16906
16907
16909
16910
16911
16913
16915
16917
16920
16923
16924
16925
16926
16927
16928
16930
16932
16935
16938
16940
16942
16944
16945
16947
16950
16952
16953
16955
16956
16957
16959
16960
16961
16965
16970
16972
16973
16981
16983
16984
16985
16987
16988
16989
16992
16994
16998
16999
17001
17003
17006
17007
17009
17011
17012
17013
17015
17018
17019
17020
17021
17022
17023
17025
17027
17033
17034
17038
17039
17041
17042
17044
17045
17046
17049
17052
17053
17055
17058
17059
17062
17067
17070
17073
17074
17077
17079
17080
17081
17084
17086
17089
17090
17091
17092
17095
17096
17102
17104
17105
17109
17111
17112
17113
17116
17120
17121
17122
17123
17125
17126
17132
17134
17137
17140
17142
17144
17145
17150
17151
17152
17153
17154
17155
17156
17157
17158
17163
17168
17169
17173
17181
17182
17184
17185
17189
17190
17191
17192
17193
17195
17196
17201
17202
17203
17205
17208
17209
17210
17211
17212
17216
17218
17224
17225
17228
17229
17230
17233
17235
17239
17240
17241
17243
17245
17246
17247
17248
17249
17250
17254
17256
17259
17262
17264
17266
17268
17270
17274
17276
17278
17280
17286
17287
17292
17293
17294
17295
17296
17298
17299
17300
17301
17302
17306
17307
17310
17313
17314
17316
17322
17323
17325
17333
17334
17336
17337
17339
17343
17345
17347
17350
17351
17352
17353
17355
17356
17357
17358
17359
17361
17362
17363
17369
17372
17376
17377
17379
17380
17381
17385
17386
17389
17390
17394
17395
17403
17404
17405
17406
17407
17408
17412
17414
17421
17424
17425
17427
17430
17431
17433
17434
17437
17442
17444
17447
17450
17451
17454
17455
17457
17458
17464
17466
17467
17470
17472
17474
17475
17476
17477
17478
17479
17481
17482
17483
17485
17487
17489
17490
17493
17494
17496
17501
17502
17503
17505
17508
17509
17512
17514
17515
17516
17517
17521
17522
17523
17525
17527
17537
17539
17540
17541
17543
17544
17545
17547
17550
17551
17559
17562
17563
17565
17567
17569
17576
17579
17581
17582
17585
17586
17587
17589
17592
17594
17597
17598
17600
17602
17605
17606
17607
17608
17611
17612
17613
17614
17615
17616
17619
17620
17621
17622
17623
17625
17626
17627
17628
17629
17632
17640
17644
17648
17651
17655
17657
17658
17659
17660
17661
17662
17663
17664
17667
17669
17672
17673
17674
17675
17676
17678
17679
17681
17682
17683
17684
17688
17692
17693
17694
17697
17698
17700
17701
17702
17704
17708
17709
17714
17715
17716
17720
17721
17722
17723
17724
17730
17732
17740
17742
17744
17746
17748
17750
17753
17754
17757
17759
17760
17762
17763
17766
17768
17771
17772
17773
17774
17775
17777
17779
17780
17781
17782
17783
17786
17787
17788
17789
17790
17791
17793
17794
17796
17797
17798
17800
17801
17802
17804
17806
17807
17812
17816
17818
17819
17820
17823
17827
17829
17833
17834
17836
17837
17839
17840
17842
17844
17845
17848
17850
17851
17854
17857
17860
17861
17863
17867
17868
17876
17877
17879
17881
17884
17885
17886
17887
17889
17890
17892
17894
17895
17896
17897
17898
17900
17904
17906
17907
17911
17913
17916
17918
17921
17922
17923
17924
17925
17927
17928
17929
17931
17935
17936
17937
17938
17939
17941
17943
17945
17947
17949
17951
17954
17957
17960
17961
17964
17966
17967
17968
17969
17975
17979
17986
17989
17990
17991
17993
17995
17998
17999
18000
18001
18003
18004
18006
18008
18009
18017
18019
18020
18022
18023
18024
18025
18026
18027
18028
18029
18030
18032
18034
18042
18043
18046
18047
18048
18050
18053
18058
18059
18060
18061
18063
18064
18065
18067
18068
18073
18075
18081
18084
18088
18091
18092
18095
18097
18101
18102
18103
18105
18106
18108
18109
18112
18113
18114
18115
18116
18117
18121
18122
18123
18125
18126
18128
18129
18132
18133
18136
18137
18138
18139
18140
18142
18143
18145
18147
18148
18152
18153
18154
18158
18162
18163
18164
18165
18166
18167
18168
18172
18175
18176
18177
18178
18179
18184
18185
18187
18191
18193
18194
18195
18199
18200
18203
18208
18209
18210
18211
18212
18213
18215
18219
18220
18221
18222
18225
18227
18228
18231
18232
18234
18235
18237
18238
18241
18242
18249
18255
18258
18259
18262
18265
18271
18273
18278
18279
18280
18283
18284
18285
18286
18290
18291
18294
18296
18297
18299
18301
18302
18303
18304
18307
18308
18309
18310
18314
18315
18316
18317
18318
18322
18323
18324
18325
18327
18328
18331
18332
18335
18336
18337
18338
18342
18345
18346
18347
18349
18350
18351
18355
18356
18361
18362
18363
18366
18368
18374
18376
18377
18378
18381
18384
18387
18390
18391
18392
18393
18399
18400
18401
18402
18404
18406
18409
18411
18413
18417
18418
18419
18420
18421
18422
18423
18426
18430
18432
18433
18435
18436
18437
18439
18440
18441
18443
18444
18447
18448
18450
18451
18452
18455
18456
18459
18460
18461
18466
18468
18470
18471
18472
18473
18480
18482
18483
18488
18489
18490
18492
18494
18495
18496
18500
18503
18504
18506
18507
18510
18512
18513
18516
18517
18518
18521
18524
18525
18526
18527
18529
18530
18531
18533
18535
18537
18538
18540
18542
18543
18545
18546
18547
18549
18550
18553
18555
18556
18560
18564
18565
18569
18570
18571
18572
18573
18576
18578
18579
18580
18581
18583
18586
18587
18588
18589
18591
18594
18598
18600
18603
18607
18609
18615
18616
18617
18619
18621
18622
18623
18627
18628
18631
18632
18633
18634
18638
18639
18640
18642
18643
18644
18645
18646
18650
18654
18655
18661
18664
18666
18667
18670
18671
18672
18676
18679
18680
18682
18684
18687
18688
18691
18692
18693
18694
18697
18699
18704
18705
18706
18709
18710
18711
18712
18714
18715
18716
18720
18722
18724
18725
18729
18731
18734
18735
18738
18742
18743
18747
18749
18754
18760
18763
18765
18771
18776
18777
18778
18779
18782
18783
18787
18790
18792
18795
18796
18797
18799
18801
18802
18803
18806
18810
18815
18816
18817
18819
18820
18821
18823
18826
18829
18830
18834
18835
18836
18837
18838
18841
18845
18847
18848
18852
18857
18861
18862
18863
18864
18865
18867
18870
18873
18874
18875
18876
18880
18882
18884
18885
18888
18889
18893
18894
18895
18897
18898
18899
18901
18905
18906
18910
18914
18918
18919
18924
18928
18929
18930
18933
18936
18937
18939
18940
18941
18942
18943
18944
18945
18947
18951
18954
18955
18956
18958
18959
18961
18964
18965
18967
18971
18976
18979
18981
18982
18983
18984
18987
18989
18990
18992
18996
18997
18998
18999
19002
19005
19006
19009
19010
19011
19012
19013
19016
19017
19019
19020
19021
19026
19029
19030
19031
19032
19034
19038
19040
19041
19043
19049
19050
19052
19053
19059
19061
19062
19063
19064
19065
19066
19068
19070
19077
19078
19079
19080
19085
19087
19090
19091
19092
19095
19096
19097
19098
19099
19100
19101
19104
19105
19110
19113
19119
19121
19122
19124
19125
19126
19131
19132
19133
19136
19137
19138
19140
19141
19143
19146
19148
19149
19150
19151
19152
19153
19155
19156
19159
19160
19162
19163
19164
19167
19168
19171
19173
19178
19179
19180
19181
19184
19186
19187
19188
19189
19191
19192
19194
19195
19196
19199
19201
19202
19203
19205
19206
19207
19208
19209
19213
19214
19218
19219
19222
19224
19225
19229
19231
19232
19234
19238
19244
19247
19248
19252
19257
19258
19260
19264
19265
19266
19267
19268
19271
19273
19274
19275
19276
19280
19284
19285
19287
19288
19289
19290
19293
19295
19297
19298
19299
19302
19305
19306
19308
19313
19314
19316
19317
19319
19320
19321
19326
19327
19328
19330
19331
19332
19333
19335
19336
19338
19344
19345
19346
19347
19350
19351
19354
19358
19359
19361
19362
19363
19365
19366
19367
19373
19375
19376
19381
19382
19383
19389
19391
19392
19393
19396
19398
19400
19401
19405
19406
19407
19410
19413
19415
19416
19417
19418
19420
19424
19425
19428
19431
19432
19433
19435
19437
19438
19439
19441
19442
19443
19444
19446
19447
19448
19449
19453
19457
19461
19462
19463
19465
19470
19471
19473
19477
19479
19482
19485
19487
19489
19492
19494
19497
19502
19505
19506
19507
19510
19511
19512
19514
19515
19517
19520
19522
19523
19527
19529
19530
19532
19534
19535
19536
19538
19539
19542
19547
19548
19550
19552
19553
19554
19555
19559
19560
19562
19564
19565
19566
19568
19571
19575
19576
19577
19578
19579
19580
19584
19585
19586
19588
19593
19594
19597
19600
19602
19604
19605
19608
19609
19613
19614
19615
19616
19617
19621
19623
19624
19625
19629
19631
19634
19635
19637
19638
19641
19642
19644
19649
19650
19652
19653
19654
19662
19663
19666
19668
19669
19671
19673
19674
19675
19676
19678
19682
19683
19684
19686
19690
19691
19693
19695
19696
19698
19703
19704
19705
19708
19709
19712
19717
19719
19720
19722
19724
19725
19727
19728
19734
19736
19737
19738
19740
19741
19744
19746
19747
19748
19749
19750
19751
19752
19755
19758
19760
19762
19766
19771
19772
19778
19780
19783
19784
19785
19786
19788
19789
19792
19793
19794
19795
19800
19802
19803
19806
19807
19814
19815
19817
19818
19819
19820
19822
19825
19829
19830
19831
19832
19833
19836
19837
19838
19841
19843
19844
19845
19850
19851
19852
19855
19858
19859
19863
19864
19865
19869
19871
19873
19875
19877
19878
19880
19882
19883
19884
19886
19887
19888
19891
19892
19894
19896
19900
19901
19903
19904
19906
19908
19911
19913
19917
19918
19923
19927
19928
19931
19936
19937
19939
19941
19943
19944
19945
19952
19953
19956
19957
19958
19959
19964
19967
19969
19970
19978
19979
19980
19981
19983
19984
19990
19991
19992
19993
19994
19996
20000
20003
20005
20012
20014
20015
20019
20022
20023
20025
20034
20036
20037
20041
20042
20044
20045
20046
20047
20048
20058
20060
20061
20063
20064
20071
20072
20073
20074
20076
20078
20079
20081
20082
20083
20084
20086
20088
20089
20090
20091
20092
20093
20095
20096
20098
20099
20100
20102
20103
20105
20107
20110
20112
20114
20115
20117
20118
20119
20121
20125
20126
20127
20129
20131
20133
20135
20136
20138
20143
20145
20148
20151
20153
20157
20160
20161
20162
20163
20164
20165
20167
20169
20171
20173
20174
20175
20179
20181
20183
20184
20188
20191
20193
20195
20200
20201
20202
20205
20206
20207
20209
20211
20212
20214
20216
20217
20220
20222
20225
20227
20228
20229
20231
20234
20236
20238
20242
20243
20246
20249
20250
20251
20252
20254
20256
20257
20258
20259
20261
20264
20266
20267
20270
20271
20273
20274
20275
20278
20280
20282
20283
20284
20286
20287
20288
20289
20293
20294
20296
20298
20300
20301
20303
20307
20308
20309
20312
20314
20317
20318
20320
20327
20329
20334
20337
20338
20340
20343
20346
20347
20348
20351
20355
20356
20357
20358
20360
20362
20365
20366
20371
20375
20376
20377
20378
20379
20380
20381
20382
20383
20387
20388
20390
20391
20392
20394
20395
20396
20399
20402
20403
20404
20405
20409
20411
20413
20414
20416
20419
20422
20426
20428
20430
20431
20433
20437
20438
20442
20445
20446
20450
20451
20452
20453
20454
20457
20458
20461
20462
20465
20470
20471
20472
20473
20474
20475
20477
20478
20480
20482
20483
20485
20486
20488
20489
20490
20491
20492
20493
20494
20496
20497
20501
20506
20514
20516
20517
20519
20521
20522
20523
20525
20526
20527
20528
20536
20539
20541
20542
20545
20546
20547
20551
20552
20554
20555
20556
20558
20559
20560
20561
20562
20563
20564
20567
20569
20570
20572
20573
20574
20575
20576
20577
20583
20585
20588
20589
20590
20591
20594
20595
20597
20598
20601
20602
20605
20606
20607
20610
20611
20613
20616
20618
20621
20622
20626
20629
20632
20633
20635
20636
20643
20646
20647
20650
20654
20656
20657
20659
20662
20664
20665
20666
20668
20669
20670
20672
20674
20675
20677
20678
20679
20681
20682
20684
20685
20691
20692
20693
20695
20697
20699
20705
20708
20709
20710
20713
20714
20718
20719
20720
20721
20722
20723
20725
20726
20727
20728
20729
20730
20732
20733
20734
20735
20738
20742
20743
20744
20745
20748
20749
20752
20758
20761
20762
20765
20766
20768
20769
20771
20774
20775
20778
20779
20781
20784
20786
20787
20788
20789
20791
20792
20794
20795
20798
20799
20802
20803
20804
20805
20808
20809
20813
20814
20815
20816
20821
20827
20828
20831
20832
20834
20835
20837
20838
20839
20840
20841
20842
20844
20848
20851
20852
20853
20855
20856
20857
20858
20863
20864
20866
20867
20868
20871
20872
20873
20877
20879
20882
20883
20884
20885
20886
20887
20888
20890
20891
20894
20896
20897
20899
20904
20907
20909
20911
20912
20914
20917
20918
20919
20920
20921
20923
20924
20925
20926
20931
20933
20934
20937
20941
20942
20943
20945
20947
20948
20950
20953
20955
20957
20958
20960
20963
20964
20965
20967
20969
20972
20974
20976
20979
20981
20983
20984
20987
20988
20990
20993
20997
21004
21006
21009
21011
21012
21013
21014
21018
21019
21020
21021
21023
21024
21025
21026
21028
21029
21030
21031
21036
21039
21040
21044
21046
21047
21048
21049
21050
21056
21058
21063
21068
21069
21070
21071
21074
21075
21076
21080
21082
21088
21092
21094
21095
21096
21097
21103
21106
21109
21110
21112
21114
21116
21118
21120
21122
21124
21126
21127
21129
21130
21132
21133
21134
21135
21138
21141
21142
21145
21146
21148
21149
21151
21154
21156
21157
21158
21159
21162
21165
21166
21169
21171
21175
21177
21179
21182
21184
21185
21186
21188
21189
21190
21191
21193
21194
21195
21196
21201
21202
21203
21206
21210
21211
21215
21216
21217
21220
21222
21223
21227
21230
21231
21232
21235
21237
21238
21239
21240
21241
21242
21244
21245
21247
21251
21252
21253
21254
21256
21260
21261
21263
21266
21267
21269
21271
21273
21276
21277
21278
21286
21287
21288
21289
21292
21294
21295
21296
21297
21298
21303
21308
21310
21314
21315
21316
21317
21319
21321
21323
21324
21326
21329
21331
21332
21337
21338
21339
21340
21343
21346
21347
21348
21349
21350
21352
21354
21355
21356
21358
21359
21360
21363
21366
21371
21373
21376
21378
21380
21384
21385
21387
21388
21390
21392
21393
21395
21399
21401
21402
21403
21408
21409
21412
21413
21414
21415
21418
21419
21420
21421
21422
21423
21424
21426
21427
21428
21433
21437
21439
21440
21443
21445
21447
21448
21452
21453
21454
21455
21458
21459
21460
21462
21463
21466
21467
21473
21474
21477
21478
21485
21489
21492
21494
21495
21498
21499
21501
21502
21505
21506
21507
21509
21510
21514
21515
21520
21522
21523
21526
21527
21528
21529
21534
21536
21539
21542
21545
21547
21549
21550
21551
21554
21555
21556
21558
21559
21561
21563
21565
21567
21570
21572
21574
21577
21579
21580
21581
21583
21586
21590
21591
21592
21595
21596
21597
21599
21600
21602
21603
21605
21607
21609
21612
21613
21614
21616
21617
21620
21623
21625
21629
21630
21632
21637
21638
21641
21643
21644
21645
21646
21647
21648
21650
21651
21652
21654
21658
21661
21662
21663
21668
21670
21671
21672
21673
21675
21677
21680
21684
21685
21688
21690
21691
21693
21695
21698
21699
21702
21703
21704
21705
21708
21709
21710
21712
21716
21720
21721
21724
21726
21727
21729
21733
21734
21739
21740
21741
21744
21746
21747
21749
21750
21754
21755
21756
21760
21764
21765
21770
21771
21773
21775
21776
21777
21778
21779
21780
21783
21784
21785
21792
21794
21796
21797
21802
21803
21805
21806
21808
21810
21811
21813
21814
21817
21818
21825
21826
21827
21830
21833
21839
21840
21841
21842
21843
21845
21846
21848
21855
21857
21859
21861
21871
21873
21874
21876
21877
21878
21881
21884
21886
21890
21891
21893
21895
21897
21898
21899
21900
21903
21905
21909
21910
21911
21912
21913
21914
21915
21916
21918
21919
21922
21924
21927
21928
21929
21932
21934
21935
21936
21939
21941
21942
21944
21945
21947
21948
21949
21950
21953
21954
21955
21956
21959
21962
21963
21965
21967
21969
21971
21972
21974
21976
21977
21980
21981
21985
21986
21987
21990
21992
21995
21996
21997
21998
22006
22009
22012
22013
22019
22020
22021
22023
22024
22025
22027
22028
22035
22036
22037
22041
22042
22044
22045
22046
22050
22057
22058
22059
22061
22062
22063
22064
22066
22069
22072
22074
22075
22076
22078
22079
22082
22085
22087
22088
22092
22095
22098
22101
22102
22104
22108
22112
22113
22121
22122
22123
22130
22134
22136
22137
22138
22139
22140
22141
22142
22145
22146
22148
22154
22160
22161
22162
22163
22164
22167
22168
22169
22171
22173
22174
22175
22180
22182
22183
22186
22190
22191
22195
22200
22201
22204
22205
22206
22210
22211
22212
22213
22214
22216
22217
22218
22221
22223
22225
22227
22229
22230
22232
22240
22241
22242
22245
22247
22248
22249
22250
22256
22259
22262
22265
22269
22273
22276
22281
22283
22284
22292
22293
22294
22295
22296
22298
22302
22305
22311
22313
22314
22315
22316
22317
22319
22320
22321
22322
22323
22325
22330
22331
22335
22336
22337
22340
22344
22345
22346
22347
22349
22351
22353
22355
22356
22358
22359
22360
22362
22363
22364
22365
22366
22367
22368
22370
22373
22374
22375
22376
22377
22383
22392
22397
22400
22401
22403
22405
22407
22409
22410
22412
22414
22415
22418
22421
22423
22424
22431
22432
22433
22434
22435
22436
22437
22438
22439
22442
22444
22445
22451
22452
22453
22454
22457
22459
22463
22464
22465
22472
22473
22474
22475
22480
22481
22482
22484
22487
22488
22490
22491
22494
22496
22498
22500
22502
22509
22510
22511
22512
22513
22517
22519
22520
22521
22522
22523
22525
22526
22528
22531
22532
22533
22536
22537
22539
22541
22543
22548
22550
22554
22556
22557
22558
22560
22564
22566
22567
22568
22569
22570
22571
22572
22573
22577
22578
22581
22583
22585
22587
22588
22590
22591
22592
22593
22595
22596
22597
22599
22600
22602
22603
22604
22609
22611
22612
22614
22616
22618
22620
22623
22624
22626
22627
22628
22629
22631
22634
22636
22637
22640
22641
22642
22645
22646
22648
22650
22652
22654
22656
22657
22658
22661
22662
22664
22667
22669
22671
22672
22673
22675
22678
22683
22686
22689
22690
22691
22692
22695
22697
22700
22703
22704
22706
22708
22710
22711
22712
22713
22722
22723
22724
22729
22733
22738
22739
22740
22745
22746
22748
22753
22755
22757
22758
22759
22761
22765
22766
22769
22770
22771
22772
22773
22774
22777
22778
22779
22781
22784
22785
22786
22790
22791
22793
22796
22799
22801
22803
22804
22806
22809
22811
22816
22817
22819
22821
22828
22833
22834
22837
22840
22845
22846
22848
22849
22850
22852
22854
22855
22857
22859
22863
22864
22865
22867
22868
22869
22870
22872
22876
22877
22879
22883
22884
22885
22886
22887
22890
22895
22896
22898
22902
22903
22904
22905
22908
22910
22911
22912
22913
22914
22915
22916
22920
22921
22922
22926
22927
22929
22931
22932
22933
22934
22936
22938
22939
22941
22942
22943
22945
22946
22947
22950
22952
22954
22955
22960
22961
22962
22963
22965
22966
22968
22971
22978
22981
22983
22986
22989
22992
22993
22994
22995
22996
22997
22999
23000
23001
23003
23004
23006
23007
23009
23011
23014
23015
23016
23019
23020
23021
23026
23028
23030
23032
23033
23034
23036
23038
23040
23045
23046
23048
23050
23051
23053
23055
23061
23062
23068
23070
23073
23076
23077
23078
23080
23082
23084
23085
23086
23087
23091
23092
23093
23094
23096
23097
23099
23100
23101
23102
23103
23105
23107
23108
23110
23112
23114
23116
23117
23119
23121
23125
23129
23132
23133
23134
23135
23136
23140
23141
23149
23156
23158
23161
23163
23164
23166
23167
23168
23171
23172
23173
23174
23177
23178
23180
23181
23183
23186
23187
23188
23190
23191
23193
23194
23196
23197
23199
23201
23202
23204
23205
23208
23209
23210
23211
23213
23214
23217
23218
23219
23220
23221
23222
23224
23227
23230
23232
23234
23236
23240
23241
23242
23243
23245
23246
23247
23248
23251
23252
23253
23254
23256
23259
23260
23263
23264
23267
23268
23273
23275
23276
23277
23281
23282
23283
23287
23291
23292
23296
23298
23299
23301
23302
23303
23305
23306
23310
23312
23314
23315
23317
23323
23324
23326
23328
23330
23333
23334
23336
23337
23338
23339
23340
23341
23342
23343
23346
23347
23351
23352
23353
23361
23363
23365
23367
23369
23371
23373
23375
23378
23381
23382
23387
23388
23390
23392
23397
23401
23404
23405
23409
23410
23411
23412
23413
23414
23416
23417
23418
23419
23421
23422
23423
23424
23425
23426
23427
23429
23430
23431
23440
23441
23442
23443
23444
23446
23449
23450
23452
23454
23457
23461
23463
23466
23467
23468
23474
23475
23477
23478
23479
23480
23481
23483
23485
23486
23487
23488
23489
23493
23495
23497
23499
23500
23502
23505
23507
23509
23511
23512
23513
23514
23518
23522
23525
23531
23537
23539
23540
23541
23544
23545
23546
23548
23550
23551
23553
23556
23557
23559
23561
23562
23565
23569
23570
23571
23573
23575
23577
23583
23589
23590
23591
23592
23595
23599
23600
23601
23603
23604
23605
23606
23607
23609
23612
23615
23617
23618
23621
23624
23625
23627
23628
23633
23636
23639
23642
23644
23646
23647
23648
23654
23655
23657
23658
23659
23660
23664
23665
23666
23667
23670
23671
23672
23673
23675
23680
23681
23682
23683
23684
23686
23688
23693
23694
23699
23700
23702
23704
23705
23708
23715
23718
23719
23720
23724
23725
23726
23727
23731
23733
23734
23735
23736
23737
23742
23744
23745
23746
23747
23749
23750
23752
23756
23757
23761
23762
23763
23764
23767
23768
23769
23772
23773
23775
23776
23779
23781
23783
23784
23785
23786
23790
23791
23795
23797
23798
23799
23804
23805
23809
23810
23811
23813
23814
23816
23817
23818
23821
23822
23824
23826
23827
23829
23830
23832
23834
23836
23837
23838
23839
23841
23843
23844
23845
23847
23851
23853
23854
23855
23857
23858
23861
23863
23866
23868
23870
23871
23872
23874
23876
23877
23879
23884
23885
23886
23889
23890
23894
23895
23897
23901
23902
23905
23906
23908
23909
23914
23916
23917
23918
23923
23924
23925
23926
23927
23928
23929
23931
23936
23940
23942
23943
23945
23948
23949
23950
23951
23952
23955
23961
23962
23963
23965
23968
23969
23971
23973
23974
23975
23979
23981
23983
23986
23987
23988
23992
23994
23995
23997
23999
24000
24005
24007
24008
24010
24012
24013
24014
24015
24016
24020
24021
24023
24024
24026
24028
24031
24032
24034
24036
24038
24042
24043
24045
24046
24048
24050
24052
24054
24055
24056
24058
24059
24060
24061
24062
24067
24068
24071
24073
24075
24077
24082
24083
24086
24087
24088
24091
24093
24096
24099
24100
24101
24102
24103
24104
24106
24107
24109
24110
24112
24114
24116
24118
24126
24129
24131
24133
24135
24136
24137
24139
24141
24144
24145
24147
24149
24150
24151
24156
24157
24158
24159
24160
24161
24162
24163
24167
24169
24170
24172
24173
24176
24177
24178
24179
24180
24186
24187
24191
24193
24198
24199
24200
24202
24204
24205
24209
24212
24216
24217
24218
24219
24220
24224
24227
24232
24233
24235
24237
24238
24240
24241
24242
24244
24245
24246
24248
24252
24255
24258
24259
24260
24263
24266
24269
24271
24273
24276
24277
24281
24282
24283
24286
24288
24290
24298
24299
24301
24303
24304
24308
24309
24310
24311
24312
24315
24319
24322
24325
24326
24327
24328
24329
24334
24337
24341
24342
24343
24344
24346
24347
24349
24351
24353
24356
24357
24358
24359
24361
24363
24364
24365
24366
24368
24370
24371
24373
24374
24375
24377
24378
24380
24381
24382
24386
24387
24388
24389
24390
24391
24395
24396
24397
24400
24402
24403
24405
24407
24410
24411
24412
24414
24415
24416
24417
24418
24422
24423
24424
24425
24426
24429
24430
24438
24440
24441
24442
24444
24449
24452
24454
24457
24458
24459
24460
24463
24468
24470
24471
24472
24476
24477
24479
24481
24482
24497
24500
24501
24503
24505
24508
24509
24510
24511
24512
24514
24516
24517
24518
24521
24523
24526
24531
24532
24534
24537
24540
24542
24543
24547
24548
24550
24551
24552
24554
24557
24561
24562
24565
24567
24568
24569
24571
24572
24576
24577
24578
24579
24588
24589
24590
24594
24598
24599
24601
24602
24603
24608
24609
24611
24612
24613
24615
24617
24618
24624
24625
24633
24634
24635
24637
24638
24640
24641
24642
24651
24653
24654
24655
24657
24658
24660
24661
24662
24663
24665
24668
24670
24672
24673
24674
24677
24679
24681
24682
24683
24685
24686
24687
24688
24693
24694
24697
24698
24699
24700
24702
24703
24705
24707
24711
24716
24717
24718
24719
24721
24722
24724
24725
24727
24728
24730
24731
24733
24734
24735
24741
24742
24743
24746
24749
24754
24759
24763
24764
24766
24770
24773
24775
24780
24781
24782
24784
24785
24786
24787
24789
24791
24792
24794
24795
24797
24798
24799
24801
24804
24805
24808
24811
24812
24816
24818
24819
24820
24821
24824
24826
24829
24830
24833
24837
24839
24842
24845
24847
24851
24853
24854
24857
24859
24860
24861
24864
24867
24871
24874
24875
24880
24884
24885
24888
24889
24894
24895
24898
24899
24901
24902
24904
24905
24906
24907
24908
24911
24916
24918
24919
24920
24921
24922
24923
24924
24927
24930
24932
24935
24937
24938
24939
24941
24942
24944
24947
24948
24950
24952
24956
24957
24958
24959
24963
24964
24965
24968
24970
24975
24976
24977
24978
24979
24982
24985
24986
24987
24988
24990
24991
24992
24993
24994
24996
24998
25001
25002
25003
25004
25006
25008
25009
25014
25015
25017
25018
25022
25023
25024
25025
25030
25031
25032
25038
25039
25041
25044
25045
25047
25049
25052
25058
25059
25060
25061
25065
25068
25070
25071
25072
25073
25074
25075
25077
25080
25082
25083
25085
25086
25088
25089
25090
25093
25095
25099
25101
25102
25104
25105
25106
25109
25110
25111
25115
25116
25117
25119
25120
25121
25123
25125
25126
25128
25129
25132
25133
25134
25138
25141
25142
25146
25153
25155
25157
25161
25162
25167
25168
25169
25170
25171
25172
25173
25175
25176
25177
25179
25180
25182
25186
25187
25191
25193
25194
25197
25200
25201
25204
25205
25208
25209
25210
25212
25216
25217
25218
25220
25221
25226
25229
25230
25231
25232
25234
25237
25238
25242
25243
25245
25247
25250
25252
25255
25256
25258
25259
25261
25264
25266
25268
25269
25271
25272
25273
25275
25276
25278
25279
25284
25285
25289
25290
25291
25297
25298
25300
25304
25307
25310
25311
25314
25316
25317
25318
25319
25320
25326
25327
25328
25330
25331
25333
25334
25335
25337
25338
25340
25342
25343
25349
25350
25352
25353
25355
25356
25357
25359
25360
25361
25365
25366
25367
25373
25374
25377
25381
25382
25384
25385
25386
25389
25391
25392
25393
25394
25395
25396
25397
25399
25400
25401
25402
25404
25406
25408
25409
25410
25414
25415
25420
25423
25425
25428
25431
25434
25435
25436
25437
25438
25439
25440
25441
25442
25443
25444
25445
25449
25452
25453
25455
25458
25460
25461
25462
25463
25465
25467
25468
25469
25470
25471
25472
25475
25478
25479
25480
25482
25485
25486
25489
25493
25494
25495
25498
25501
25504
25507
25510
25512
25513
25517
25521
25522
25523
25524
25526
25529
25531
25532
25534
25538
25541
25542
25543
25544
25545
25550
25551
25555
25558
25559
25560
25561
25562
25563
25564
25566
25568
25573
25574
25575
25576
25578
25580
25582
25585
25586
25589
25591
25592
25594
25598
25599
25605
25606
25607
25609
25610
25612
25615
25616
25617
25618
25620
25622
25624
25625
25626
25628
25629
25631
25633
25638
25640
25643
25645
25646
25647
25649
25650
25651
25653
25654
25656
25657
25658
25659
25665
25667
25670
25673
25675
25676
25678
25680
25681
25682
25684
25688
25691
25692
25696
25697
25699
25701
25702
25703
25704
25708
25709
25710
25713
25714
25716
25718
25723
25728
25730
25733
25737
25739
25743
25744
25745
25746
25747
25748
25749
25750
25751
25753
25754
25755
25758
25759
25761
25762
25764
25766
25768
25771
25772
25778
25780
25782
25783
25784
25786
25787
25788
25789
25790
25791
25792
25793
25795
25797
25799
25803
25804
25805
25810
25814
25815
25817
25818
25820
25821
25824
25825
25829
25832
25836
25837
25838
25839
25840
25841
25842
25844
25845
25846
25848
25850
25851
25852
25853
25855
25856
25857
25860
25861
25862
25863
25864
25866
25867
25868
25875
25878
25880
25884
25887
25888
25889
25894
25895
25897
25899
25900
25903
25906
25907
25908
25909
25913
25914
25915
25917
25920
25921
25922
25924
25925
25926
25927
25931
25934
25937
25941
25943
25949
25953
25954
25956
25957
25959
25960
25968
25969
25970
25971
25973
25975
25978
25979
25982
25983
25985
25989
25990
25993
25994
25996
25999
26003
26006
26007
26009
26015
26016
26017
26019
26020
26021
26026
26027
26030
26032
26034
26035
26036
26038
26039
26043
26044
26048
26050
26051
26054
26055
26056
26058
26062
26063
26064
26066
26070
26071
26073
26075
26076
26077
26078
26081
26082
26084
26086
26088
26089
26090
26091
26095
26097
26098
26100
26101
26103
26104
26105
26106
26107
26108
26111
26112
26113
26114
26117
26118
26119
26121
26124
26126
26128
26130
26131
26132
26133
26134
26135
26140
26146
26147
26148
26151
26153
26154
26155
26156
26158
26160
26163
26165
26168
26170
26172
26174
26179
26180
26183
26187
26189
26194
26196
26198
26200
26201
26202
26204
26210
26211
26213
26215
26217
26218
26219
26220
26226
26227
26229
26231
26236
26237
26239
26242
26246
26248
26249
26251
26252
26254
26257
26261
26263
26265
26267
26270
26271
26272
26273
26279
26280
26281
26282
26283
26286
26295
26297
26299
26300
26301
26303
26305
26309
26314
26315
26317
26320
26322
26324
26325
26328
26330
26331
26334
26335
26337
26338
26339
26342
26343
26345
26347
26349
26351
26352
26358
26360
26362
26365
26366
26368
26369
26371
26373
26376
26378
26379
26381
26383
26385
26387
26389
26393
26395
26396
26398
26399
26400
26401
26403
26404
26406
26407
26412
26414
26417
26418
26419
26430
26431
26432
26436
26440
26442
26444
26445
26446
26450
26453
26454
26456
26458
26459
26461
26462
26467
26468
26470
26471
26475
26476
26477
26480
26482
26484
26486
26487
26489
26491
26493
26494
26496
26497
26498
26499
26502
26507
26509
26510
26512
26513
26514
26517
26518
26520
26523
26524
26525
26527
26529
26530
26534
26536
26540
26542
26543
26544
26545
26546
26547
26549
26552
26555
26556
26557
26561
26562
26564
26565
26566
26567
26572
26573
26578
26579
26580
26582
26584
26586
26587
26589
26590
26591
26593
26594
26595
26596
26597
26598
26606
26610
26611
26613
26614
26615
26616
26617
26618
26619
26620
26622
26623
26625
26626
26627
26628
26629
26636
26640
26641
26644
26646
26647
26648
26650
26651
26653
26654
26655
26657
26661
26662
26663
26669
26670
26673
26675
26676
26678
26679
26680
26681
26682
26683
26686
26688
26695
26702
26703
26704
26707
26709
26711
26712
26713
26714
26715
26716
26717
26718
26720
26721
26723
26725
26727
26731
26732
26735
26737
26738
26739
26741
26743
26744
26745
26746
26748
26749
26751
26752
26753
26754
26755
26758
26759
26760
26763
26765
26766
26767
26769
26771
26773
26774
26775
26777
26780
26782
26783
26786
26788
26794
26796
26800
26804
26806
26811
26812
26813
26816
26817
26821
26824
26825
26826
26827
26828
26830
26833
26835
26837
26838
26840
26841
26842
26844
26846
26847
26848
26849
26856
26858
26861
26862
26866
26867
26870
26871
26873
26876
26877
26878
26879
26880
26882
26885
26886
26887
26888
26891
26892
26893
26894
26895
26896
26897
26902
26905
26907
26908
26909
26916
26925
26926
26928
26929
26931
26933
26940
26941
26948
26950
26953
26955
26956
26958
26960
26961
26963
26964
26966
26969
26970
26974
26975
26977
26979
26985
26987
26988
26989
26990
26991
26995
26996
27001
27002
27006
27008
27011
27012
27014
27015
27016
27017
27018
27023
27024
27026
27027
27035
27039
27042
27043
27044
27047
27050
27052
27053
27055
27057
27058
27060
27061
27067
27068
27071
27075
27077
27081
27086
27087
27088
27089
27090
27093
27094
27096
27099
27100
27101
27103
27104
27108
27109
27114
27116
27122
27125
27126
27127
27128
27129
27130
27131
27132
27133
27134
27137
27139
27144
27150
27151
27153
27154
27156
27161
27162
27163
27164
27166
27168
27169
27171
27174
27175
27176
27179
27181
27183
27184
27185
27186
27188
27189
27191
27193
27195
27200
27201
27202
27203
27204
27206
27210
27212
27214
27218
27219
27222
27224
27225
27226
27229
27230
27234
27235
27238
27239
27241
27243
27244
27249
27252
27253
27254
27258
27259
27262
27264
27265
27266
27272
27275
27276
27281
27283
27284
27288
27289
27292
27294
27298
27301
27302
27303
27304
27306
27313
27314
27317
27319
27322
27323
27325
27330
27331
27333
27336
27340
27341
27342
27343
27344
27346
27349
27351
27353
27354
27355
27359
27361
27362
27363
27364
27365
27367
27369
27371
27373
27374
27376
27378
27382
27386
27390
27392
27394
27396
27397
27398
27399
27400
27403
27404
27409
27410
27413
27415
27423
27426
27427
27429
27430
27432
27434
27437
27438
27441
27442
27443
27446
27451
27452
27453
27454
27456
27457
27458
27467
27468
27469
27473
27474
27479
27480
27483
27484
27485
27488
27489
27490
27492
27494
27496
27498
27499
27500
27502
27505
27506
27507
27512
27513
27515
27516
27519
27521
27523
27527
27529
27532
27535
27538
27540
27541
27543
27544
27545
27546
27547
27548
27549
27551
27553
27557
27558
27559
27567
27571
27573
27574
27575
27577
27578
27583
27585
27586
27590
27593
27595
27598
27599
27600
27603
27605
27607
27609
27610
27611
27613
27614
27615
27617
27621
27622
27623
27626
27632
27633
27635
27636
27641
27642
27643
27644
27646
27647
27648
27649
27653
27655
27656
27657
27661
27664
27666
27667
27669
27671
27673
27674
27675
27680
27682
27690
27701
27705
27706
27708
27709
27712
27714
27715
27716
27720
27721
27725
27726
27728
27729
27731
27734
27735
27736
27737
27738
27739
27740
27741
27746
27749
27750
27751
27752
27753
27754
27755
27756
27758
27762
27766
27767
27768
27770
27772
27773
27774
27775
27777
27779
27782
27784
27785
27787
27789
27790
27793
27799
27800
27806
27808
27812
27815
27816
27817
27821
27822
27827
27828
27830
27833
27834
27836
27837
27839
27851
27853
27854
27857
27858
27859
27861
27865
27866
27867
27869
27873
27874
27877
27879
27882
27883
27885
27888
27891
27892
27895
27896
27899
27902
27904
27906
27907
27908
27909
27910
27912
27914
27919
27920
27921
27924
27925
27926
27927
27929
27932
27933
27934
27939
27945
27947
27948
27949
27950
27952
27953
27954
27956
27957
27958
27961
27965
27968
27971
27973
27974
27976
27979
27980
27981
27983
27984
27987
27992
27995
27997
27998
27999
28000
28001
28002
28003
28004
28005
28006
28007
28008
28010
28012
28013
28015
28017
28019
28021
28022
28023
28025
28026
28027
28028
28029
28031
28032
28034
28035
28036
28038
28040
28045
28047
28050
28051
28058
28060
28061
28063
28064
28065
28070
28071
28072
28073
28080
28081
28083
28084
28085
28087
28088
28089
28090
28096
28098
28099
28100
28102
28103
28105
28106
28107
28108
28109
28110
28111
28115
28117
28118
28119
28122
28123
28125
28127
28129
28130
28135
28137
28140
28143
28149
28151
28152
28153
28154
28155
28157
28159
28160
28161
28162
28163
28165
28166
28167
28168
28169
28170
28174
28182
28184
28186
28188
28189
28190
28193
28194
28196
28201
28202
28203
28204
28205
28206
28207
28208
28211
28216
28217
28220
28225
28232
28233
28236
28238
28240
28242
28243
28245
28246
28247
28250
28253
28256
28258
28261
28262
28263
28268
28269
28270
28271
28272
28273
28276
28278
28280
28281
28283
28284
28285
28286
28287
28288
28289
28290
28291
28292
28295
28298
28299
28301
28304
28305
28306
28308
28309
28314
28316
28319
28322
28323
28324
28325
28326
28329
28333
28334
28335
28336
28337
28339
28340
28342
28345
28346
28347
28350
28351
28352
28353
28355
28357
28358
28359
28362
28363
28367
28369
28370
28371
28372
28375
28377
28378
28379
28380
28381
28383
28384
28390
28391
28393
28394
28397
28398
28400
28401
28404
28408
28411
28413
28417
28418
28420
28421
28423
28424
28431
28433
28435
28437
28439
28443
28444
28446
28447
28448
28453
28455
28457
28458
28459
28463
28464
28465
28466
28467
28469
28470
28471
28474
28475
28479
28480
28481
28484
28485
28486
28487
28488
28489
28490
28491
28492
28496
28497
28502
28504
28510
28511
28512
28514
28516
28517
28520
28521
28522
28523
28524
28525
28526
28527
28529
28530
28531
28532
28533
28535
28536
28539
28540
28542
28544
28545
28546
28547
28550
28552
28556
28557
28559
28561
28564
28565
28566
28568
28571
28572
28574
28575
28579
28581
28583
28585
28586
28587
28588
28589
28590
28591
28592
28595
28596
28597
28598
28600
28601
28603
28610
28611
28619
28620
28622
28624
28629
28633
28634
28640
28641
28642
28643
28644
28645
28646
28648
28649
28650
28652
28656
28658
28660
28662
28666
28669
28670
28671
28672
28673
28677
28683
28684
28688
28690
28691
28692
28693
28694
28697
28699
28701
28702
28703
28704
28705
28706
28707
28709
28710
28714
28715
28718
28729
28730
28731
28732
28736
28738
28739
28743
28744
28745
28749
28752
28753
28758
28759
28760
28761
28762
28764
28765
28769
28770
28771
28773
28774
28775
28776
28777
28781
28782
28783
28784
28786
28788
28789
28791
28799
28800
28802
28805
28807
28808
28809
28810
28811
28812
28817
28818
28819
28820
28822
28825
28829
28830
28834
28835
28837
28838
28839
28842
28846
28849
28854
28856
28859
28861
28866
28867
28868
28870
28871
28873
28875
28876
28877
28879
28880
28881
28883
28884
28886
28887
28888
28889
28890
28892
28893
28894
28896
28897
28899
28901
28903
28909
28910
28912
28915
28916
28918
28920
28922
28923
28925
28927
28930
28931
28932
28935
28936
28937
28940
28942
28943
28945
28947
28948
28952
28953
28955
28956
28959
28962
28963
28964
28965
28966
28967
28968
28969
28970
28971
28972
28973
28974
28976
28978
28980
28983
28986
28987
28988
28989
28993
28995
28996
28998
29000
29001
29002
29004
29006
29007
29008
29010
29012
29013
29015
29016
29018
29019
29021
29024
29028
29029
29031
29032
29035
29038
29039
29040
29041
29044
29045
29046
29047
29048
29050
29051
29053
29055
29057
29058
29064
29065
29066
29068
29069
29072
29073
29078
29079
29080
29081
29085
29090
29095
29098
29100
29102
29103
29107
29108
29109
29112
29114
29115
29117
29119
29122
29123
29124
29125
29126
29127
29129
29130
29132
29133
29134
29138
29141
29143
29144
29148
29149
29150
29151
29155
29157
29161
29162
29166
29167
29169
29170
29172
29173
29174
29175
29176
29177
29178
29182
29186
29190
29191
29192
29196
29198
29200
29202
29205
29208
29209
29210
29212
29213
29214
29215
29219
29220
29221
29223
29224
29225
29228
29231
29232
29234
29235
29236
29238
29239
29240
29241
29245
29249
29251
29253
29254
29255
29261
29264
29266
29268
29270
29272
29273
29274
29275
29277
29278
29279
29281
29282
29286
29287
29291
29294
29297
29299
29301
29303
29304
29305
29306
29307
29308
29310
29313
29314
29315
29323
29325
29326
29327
29329
29331
29334
29337
29339
29341
29344
29346
29348
29349
29350
29352
29353
29355
29357
29359
29360
29361
29364
29367
29372
29373
29375
29377
29378
29380
29382
29383
29384
29386
29387
29389
29390
29391
29398
29403
29406
29409
29410
29414
29416
29420
29421
29425
29427
29428
29430
29432
29436
29438
29442
29443
29446
29448
29451
29453
29454
29456
29457
29459
29463
29466
29467
29470
29471
29472
29474
29480
29481
29483
29485
29486
29488
29489
29492
29493
29496
29498
29499
29500
29501
29502
29503
29508
29511
29513
29516
29518
29520
29521
29522
29523
29524
29526
29527
29531
29532
29533
29535
29539
29541
29542
29544
29545
29546
29547
29549
29551
29555
29556
29557
29558
29559
29562
29566
29570
29574
29575
29576
29577
29581
29582
29584
29586
29587
29588
29590
29591
29592
29594
29597
29599
29602
29605
29606
29607
29609
29615
29616
29617
29618
29619
29620
29622
29625
29626
29629
29630
29631
29632
29634
29635
29636
29637
29639
29640
29641
29642
29647
29653
29655
29658
29659
29662
29665
29666
29667
29668
29669
29670
29673
29675
29677
29679
29680
29681
29683
29685
29686
29687
29692
29693
29694
29697
29698
29699
29700
29701
29702
29703
29704
29705
29706
29708
29709
29710
29712
29713
29716
29718
29720
29722
29725
29728
29729
29735
29736
29738
29739
29740
29742
29743
29746
29747
29748
29750
29751
29752
29753
29754
29756
29757
29758
29759
29760
29761
29764
29767
29768
29769
29771
29773
29774
29778
29779
29780
29783
29784
29786
29787
29788
29790
29792
29793
29795
29798
29804
29805
29806
29807
29808
29809
29811
29812
29814
29815
29817
29819
29823
29828
29830
29832
29833
29835
29837
29838
29842
29844
29847
29848
29851
29855
29857
29859
29861
29862
29867
29868
29869
29870
29873
29875
29878
29881
29882
29885
29890
29893
29894
29896
29897
29899
29900
29901
29902
29903
29904
29906
29908
29910
29914
29915
29917
29919
29923
29929
29930
29931
29932
29934
29935
29938
29940
29944
29948
29950
29952
29957
29958
29960
29962
29964
29966
29967
29969
29970
29971
29974
29983
29984
29987
29990
29993
29994
29996
29997
29998
29999
30003
30005
30006
30007
30008
30009
30010
30012
30013
30014
30015
30018
30022
30023
30030
30033
30034
30035
30038
30039
30040
30042
30044
30047
30048
30049
30051
30053
30054
30055
30056
30061
30062
30063
30071
30072
30073
30074
30075
30076
30077
30078
30079
30081
30082
30084
30085
30086
30088
30090
30091
30092
30095
30097
30098
30100
30101
30102
30103
30104
30105
30106
30108
30111
30112
30114
30115
30118
30119
30121
30123
30125
30126
30127
30129
30130
30131
30132
30136
30137
30142
30143
30145
30146
30151
30155
30156
30159
30161
30163
30164
30166
30167
30170
30171
30172
30176
30177
30178
30180
30181
30182
30184
30186
30188
30190
30193
30195
30196
30198
30199
30200
30201
30204
30205
30206
30207
30208
30210
30213
30215
30216
30218
30219
30220
30222
30223
30224
30225
30226
30227
30228
30229
30231
30233
30234
30236
30241
30243
30245
30246
30247
30248
30249
30251
30252
30253
30254
30255
30256
30263
30264
30265
30266
30267
30268
30269
30273
30275
30277
30279
30284
30285
30286
30295
30296
30298
30299
30300
30302
30303
30304
30307
30309
30312
30316
30319
30322
30323
30326
30327
30329
30335
30336
30337
30338
30344
30345
30347
30348
30349
30352
30356
30358
30359
30361
30362
30363
30364
30365
30366
30372
30374
30375
30376
30378
30379
30385
30387
30388
30389
30397
30400
30402
30404
30405
30409
30410
30411
30414
30420
30422
30423
30424
30435
30436
30437
30440
30441
30442
30443
30445
30447
30452
30453
30454
30455
30456
30460
30462
30463
30464
30465
30466
30472
30473
30474
30477
30478
30479
30483
30484
30490
30491
30492
30494
30495
30496
30497
30498
30499
30500
30503
30506
30510
30512
30515
30519
30521
30522
30523
30526
30527
30529
30530
30533
30536
30539
30540
30541
30542
30543
30544
30545
30546
30548
30550
30551
30552
30553
30555
30556
30559
30560
30561
30562
30564
30568
30569
30572
30574
30578
30579
30580
30583
30584
30586
30587
30588
30589
30592
30593
30594
30597
30598
30599
30604
30606
30608
30610
30615
30619
30620
30623
30626
30628
30631
30632
30633
30634
30636
30637
30638
30639
30640
30642
30643
30645
30646
30647
30648
30649
30650
30653
30655
30657
30659
30660
30661
30662
30663
30665
30669
30670
30672
30674
30675
30676
30679
30680
30681
30686
30687
30692
30693
30696
30698
30705
30706
30710
30711
30712
30714
30715
30719
30721
30723
30724
30726
30727
30728
30734
30737
30741
30742
30743
30744
30747
30748
30750
30752
30753
30754
30757
30760
30761
30762
30764
30765
30767
30768
30769
30772
30776
30780
30782
30784
30785
30787
30789
30797
30800
30803
30806
30808
30809
30810
30813
30817
30819
30821
30824
30826
30829
30831
30832
30835
30836
30838
30841
30842
30845
30846
30847
30853
30854
30856
30857
30858
30859
30860
30861
30866
30867
30870
30872
30875
30876
30877
30879
30880
30883
30886
30887
30890
30891
30892
30896
30897
30898
30901
30904
30907
30908
30909
30912
30918
30924
30926
30929
30930
30932
30934
30935
30936
30938
30939
30940
30943
30946
30950
30953
30956
30957
30959
30963
30964
30965
30966
30967
30968
30970
30971
30972
30973
30974
30975
30977
30980
30981
30985
30986
30987
30989
30990
30991
30992
30995
30996
30998
31000
31002
31004
31006
31007
31010
31011
31012
31013
31015
31018
31019
31021
31024
31025
31029
31030
31031
31033
31035
31038
31039
31040
31043
31044
31045
31046
31048
31049
31050
31051
31057
31058
31059
31060
31061
31062
31063
31064
31065
31066
31067
31073
31074
31075
31076
31077
31078
31080
31082
31083
31085
31087
31088
31091
31092
31094
31096
31098
31099
31101
31103
31105
31106
31110
31111
31112
31113
31118
31121
31123
31124
31134
31136
31139
31146
31147
31148
31149
31150
31155
31156
31157
31158
31160
31161
31165
31168
31170
31178
31179
31181
31185
31188
31189
31190
31191
31192
31199
31200
31201
31203
31204
31205
31206
31207
31208
31211
31215
31217
31218
31222
31223
31225
31226
31228
31230
31232
31235
31236
31240
31241
31243
31246
31247
31250
31251
31252
31253
31255
31256
31258
31261
31263
31264
31265
31266
31268
31271
31272
31276
31277
31279
31280
31285
31289
31291
31295
31297
31298
31301
31302
31305
31307
31308
31309
31311
31312
31314
31317
31319
31320
31321
31323
31324
31325
31326
31327
31330
31331
31333
31334
31335
31336
31337
31342
31346
31349
31350
31352
31353
31354
31356
31357
31360
31361
31365
31368
31372
31373
31374
31377
31378
31382
31384
31387
31393
31394
31397
31399
31401
31402
31406
31410
31411
31412
31413
31416
31419
31421
31423
31424
31427
31428
31431
31433
31434
31443
31445
31449
31451
31452
31453
31454
31455
31458
31459
31460
31463
31464
31465
31467
31469
31470
31471
31473
31474
31475
31476
31477
31478
31481
31488
31493
31496
31498
31499
31500
31502
31505
31509
31510
31512
31516
31517
31519
31521
31522
31523
31524
31525
31531
31532
31534
31535
31536
31537
31538
31539
31541
31543
31544
31550
31551
31552
31554
31555
31556
31558
31560
31562
31564
31566
31567
31568
31569
31572
31573
31574
31579
31580
31583
31584
31586
31587
31588
31590
31596
31598
31613
31614
31615
31616
31617
31618
31621
31622
31623
31624
31625
31627
31630
31631
31632
31634
31635
31637
31638
31639
31640
31644
31645
31646
31649
31650
31652
31653
31655
31657
31658
31660
31661
31663
31664
31666
31667
