0
3
5
7
11
12
13
14
15
16
18
19
20
22
23
26
27
30
31
32
33
35
36
37
38
42
43
44
46
49
51
53
54
56
60
61
62
64
65
68
69
70
71
74
77
79
80
86
87
89
91
94
96
97
98
102
105
108
114
116
119
120
121
122
123
124
125
127
128
129
130
134
135
137
140
142
143
145
146
147
149
150
152
153
154
155
158
159
160
164
165
168
172
174
176
177
179
180
183
185
186
188
191
195
196
200
202
203
204
207
210
211
213
214
216
218
220
224
226
231
234
235
238
240
241
242
243
245
246
251
252
254
255
259
261
264
266
268
269
271
272
273
274
277
278
279
281
282
283
286
289
290
291
293
294
295
296
297
298
300
302
304
306
307
310
311
314
316
317
318
319
323
324
326
327
331
338
339
343
345
349
350
353
354
355
356
357
359
360
361
364
365
366
368
369
372
374
375
376
377
380
383
385
387
389
390
391
392
394
396
401
402
407
411
415
416
417
420
422
423
424
425
426
428
429
433
434
435
436
437
441
442
443
444
445
449
450
452
455
456
457
458
460
461
462
463
466
467
468
471
473
474
475
477
480
481
487
490
491
497
498
499
500
502
503
504
505
509
510
511
512
513
514
517
518
522
525
528
529
531
532
533
536
537
538
541
542
543
544
547
548
549
550
551
553
554
555
556
558
559
560
562
565
566
567
570
571
576
580
581
586
587
588
589
590
591
594
596
597
601
602
604
608
609
610
612
613
617
618
619
624
625
628
629
630
631
634
636
641
642
644
645
648
649
650
651
653
656
657
658
660
661
662
663
664
665
666
667
668
669
670
671
672
673
677
678
679
680
681
682
683
687
688
689
691
693
694
695
696
698
700
701
703
706
708
709
710
714
715
716
717
719
724
725
729
730
736
739
741
742
743
744
745
748
751
752
753
754
757
758
759
760
762
765
766
768
775
777
779
784
786
788
790
791
792
794
796
798
799
800
801
804
807
809
810
816
819
822
826
832
833
834
835
836
837
839
840
841
846
848
849
851
852
854
855
857
859
861
863
864
865
866
869
870
871
872
874
875
877
884
886
887
888
890
891
892
893
894
895
897
899
900
902
907
908
909
910
911
913
914
916
919
922
923
928
930
931
932
935
936
940
941
942
944
945
946
948
949
951
953
955
957
959
960
961
962
969
973
974
975
976
981
982
986
991
992
994
995
996
999
1000
1003
1006
1008
1011
1012
1014
1016
1017
1018
1023
1025
1027
1029
1030
1032
1033
1034
1035
1036
1039
1040
1041
1044
1046
1047
1048
1050
1051
1055
1057
1059
1060
1063
1065
1066
1073
1074
1078
1079
1080
1081
1082
1086
1090
1092
1094
1095
1096
1097
1098
1102
1103
1105
1107
1109
1111
1113
1114
1116
1117
1120
1121
1122
1124
1125
1130
1133
1135
1138
1141
1143
1145
1146
1147
1148
1151
1159
1160
1161
1164
1165
1168
1170
1171
1174
1176
1177
1178
1179
1180
1183
1184
1185
1188
1189
1190
1191
1193
1194
1196
1197
1200
1202
1203
1204
1206
1207
1210
1213
1216
1218
1223
1224
1225
1226
1228
1229
1236
1238
1239
1240
1241
1243
1245
1246
1247
1252
1253
1254
1257
1259
1261
1263
1264
1265
1266
1269
1272
1276
1277
1278
1280
1281
1282
1283
1284
1286
1287
1288
1290
1291
1292
1294
1295
1296
1297
1298
1299
1300
1301
1302
1303
1304
1307
1308
1314
1316
1317
1318
1320
1327
1330
1332
1333
1334
1335
1337
1339
1340
1341
1348
1349
1350
1351
1357
1359
1362
1363
1366
1369
1370
1372
1374
1376
1378
1380
1381
1382
1384
1385
1386
1387
1388
1389
1391
1400
1403
1404
1405
1406
1409
1412
1421
1422
1423
1424
1425
1427
1429
1430
1436
1437
1442
1443
1444
1445
1446
1447
1448
1450
1451
1452
1453
1455
1456
1457
1458
1462
1463
1465
1466
1467
1470
1471
1472
1473
1476
1482
1485
1486
1487
1489
1490
1493
1496
1498
1499
1500
1501
1502
1503
1504
1508
1509
1510
1511
1514
1515
1520
1522
1523
1524
1527
1529
1530
1531
1532
1533
1536
1539
1542
1547
1552
1553
1555
1556
1564
1565
1566
1568
1570
1573
1574
1575
1576
1577
1578
1579
1580
1583
1584
1586
1593
1594
1595
1596
1597
1598
1601
1603
1605
1606
1611
1612
1618
1619
1620
1626
1627
1630
1632
1634
1636
1637
1638
1639
1642
1644
1646
1650
1654
1656
1658
1661
1662
1663
1664
1666
1668
1669
1672
1673
1677
1680
1681
1682
1685
1691
1692
1693
1696
1700
1702
1705
1706
1707
1711
1712
1713
1715
1719
1720
1721
1722
1725
1726
1729
1732
1733
1734
1735
1736
1740
1741
1743
1746
1748
1749
1750
1751
1753
1754
1756
1758
1759
1761
1762
1764
1771
1772
1773
1774
1776
1785
1787
1789
1790
1791
1792
1795
1796
1797
1798
1799
1801
1802
1803
1805
1806
1807
1809
1811
1812
1813
1814
1815
1816
1817
1818
1819
1822
1824
1828
1831
1832
1833
1835
1836
1838
1839
1843
1844
1846
1852
1853
1854
1857
1858
1859
1860
1862
1865
1866
1867
1868
1870
1872
1875
1876
1877
1879
1880
1882
1884
1886
1888
1890
1892
1893
1894
1896
1898
1900
1901
1903
1906
1908
1909
1910
1911
1912
1914
1916
1917
1918
1921
1922
1924
1926
1929
1932
1933
1934
1937
1938
1940
1941
1943
1947
1948
1950
1951
1952
1954
1956
1957
1958
1959
1960
1962
1963
1964
1968
1970
1971
1974
1979
1981
1982
1983
1984
1985
1987
1991
1992
1994
1995
1996
1997
2006
2008
2010
2013
2014
2015
2017
2019
2021
2022
2023
2024
2027
2029
2030
2032
2035
2036
2038
2039
2041
2044
2045
2046
2047
2050
2051
2053
2056
2057
2067
2069
2074
2075
2076
2077
2078
2079
2082
2084
2086
2089
2090
2092
2093
2094
2095
2097
2099
2102
2103
2106
2111
2112
2113
2114
2116
2118
2119
2120
2121
2124
2126
2133
2134
2135
2142
2144
2146
2149
2150
2151
2152
2153
2154
2157
2159
2160
2161
2165
2166
2175
2176
2179
2183
2184
2186
2187
2188
2192
2194
2202
2206
2208
2209
2211
2214
2215
2217
2220
2222
2223
2224
2225
2227
2229
2230
2233
2235
2237
2238
2239
2244
2245
2247
2249
2250
2251
2252
2255
2256
2257
2262
2264
2265
2266
2267
2268
2269
2272
2273
2274
2277
2282
2284
2285
2288
2289
2290
2292
2293
2295
2297
2298
2299
2300
2302
2306
2307
2308
2310
2313
2316
2318
2320
2321
2323
2326
2327
2328
2331
2332
2334
2335
2336
2338
2340
2341
2343
2344
2345
2346
2348
2350
2352
2354
2356
2359
2360
2361
2364
2365
2366
2367
2369
2372
2373
2381
2388
2389
2392
2393
2394
2395
2396
2397
2398
2399
2401
2404
2406
2409
2413
2414
2416
2417
2419
2420
2422
2423
2426
2427
2431
2432
2434
2435
2439
2441
2445
2446
2449
2454
2455
2457
2458
2459
2460
2461
2462
2463
2466
2467
2470
2471
2478
2479
2485
2487
2491
2492
2500
2501
2502
2503
2504
2507
2509
2510
2512
2513
2516
2518
2521
2522
2523
2525
2528
2530
2535
2537
2541
2543
2544
2545
2546
2551
2554
2555
2557
2561
2562
2564
2565
2573
2575
2577
2578
2580
2584
2585
2586
2587
2588
2591
2592
2594
2597
2598
2600
2601
2603
2604
2605
2606
2607
2608
2615
2620
2622
2623
2628
2629
2632
2637
2639
2640
2642
2643
2644
2645
2647
2648
2649
2651
2653
2656
2658
2660
2661
2662
2663
2664
2665
2666
2671
2672
2673
2674
2675
2677
2681
2685
2686
2688
2689
2691
2699
2700
2701
2702
2703
2705
2707
2708
2709
2711
2712
2713
2718
2719
2725
2726
2727
2730
2734
2735
2742
2744
2747
2749
2750
2751
2753
2754
2756
2760
2764
2768
2769
2771
2772
2773
2774
2778
2780
2781
2783
2784
2785
2786
2789
2790
2795
2796
2800
2802
2808
2809
2810
2811
2813
2814
2815
2819
2821
2822
2823
2826
2827
2829
2830
2831
2833
2834
2838
2840
2841
2843
2846
2847
2848
2849
2851
2852
2854
2855
2859
2860
2861
2864
2866
2867
2869
2872
2873
2874
2875
2878
2879
2884
2893
2894
2895
2896
2898
2903
2905
2908
2909
2910
2911
2915
2919
2922
2923
2930
2932
2934
2935
2937
2938
2940
2941
2948
2949
2953
2955
2958
2959
2960
2961
2962
2964
2967
2968
2979
2982
2983
2986
2992
2995
2997
2998
2999
3004
3005
3007
3010
3013
3014
3018
3019
3021
3022
3024
3025
3026
3033
3034
3035
3036
3037
3038
3040
3042
3047
3048
3051
3054
3055
3057
3058
3061
3063
3064
3065
3066
3069
3073
3074
3075
3078
3080
3081
3082
3083
3085
3087
3090
3092
3093
3094
3095
3096
3097
3100
3101
3102
3104
3105
3107
3111
3113
3114
3116
3117
3119
3121
3122
3124
3127
3128
3130
3131
3135
3137
3138
3141
3143
3144
3147
3148
3149
3150
3153
3154
3156
3157
3161
3165
3166
3167
3168
3170
3171
3172
3174
3175
3177
3180
3181
3183
3184
3185
3186
3192
3193
3194
3195
3197
3199
3200
3203
3204
3205
3207
3213
3216
3219
3220
3223
3224
3225
3229
3230
3237
3238
3239
3240
3242
3247
3250
3251
3252
3254
3256
3262
3266
3268
3270
3271
3272
3273
3274
3275
3276
3277
3278
3281
3282
3285
3287
3288
3292
3294
3295
3296
3297
3298
3301
3302
3303
3308
3309
3311
3314
3315
3317
3318
3322
3323
3325
3329
3332
3335
3337
3342
3344
3349
3350
3351
3352
3356
3358
3359
3363
3367
3369
3370
3374
3375
3376
3380
3381
3382
3383
3384
3385
3386
3387
3389
3390
3392
3398
3400
3402
3403
3409
3412
3419
3420
3421
3427
3428
3429
3432
3433
3434
3437
3438
3439
3440
3446
3448
3453
3454
3455
3458
3461
3462
3463
3464
3468
3469
3470
3472
3473
3476
3478
3479
3480
3482
3483
3487
3488
3490
3492
3494
3495
3500
3501
3502
3503
3504
3505
3507
3508
3509
3511
3513
3519
3524
3525
3527
3528
3529
3530
3531
3532
3534
3535
3537
3541
3542
3543
3549
3550
3552
3553
3555
3558
3559
3562
3563
3564
3565
3569
3570
3572
3573
3578
3580
3581
3582
3584
3587
3589
3591
3596
3598
3600
3601
3602
3603
3604
3605
3607
3609
3611
3613
3614
3616
3618
3621
3622
3623
3624
3625
3626
3628
3633
3636
3637
3638
3639
3640
3641
3644
3645
3651
3654
3657
3658
3659
3660
3661
3667
3669
3670
3671
3674
3675
3680
3681
3684
3686
3688
3692
3695
3700
3703
3704
3705
3706
3708
3710
3712
3715
3716
3717
3718
3719
3721
3725
3726
3729
3733
3734
3735
3736
3737
3743
3744
3747
3748
3750
3751
3752
3753
3754
3756
3758
3759
3760
3761
3766
3769
3770
3771
3774
3775
3778
3779
3780
3782
3784
3789
3790
3795
3797
3800
3805
3807
3809
3811
3812
3814
3816
3817
3818
3824
3825
3826
3827
3833
3836
3837
3841
3844
3845
3846
3849
3850
3851
3853
3856
3857
3858
3859
3860
3862
3864
3865
3866
3867
3868
3870
3871
3872
3873
3874
3878
3881
3885
3887
3889
3890
3892
3893
3894
3896
3897
3900
3904
3908
3911
3912
3914
3916
3919
3921
3922
3924
3925
3926
3928
3929
3931
3932
3942
3943
3947
3949
3950
3954
3957
3959
3960
3961
3962
3963
3965
3969
3971
3972
3974
3977
3978
3979
3981
3982
3991
3992
3993
3994
3998
3999
4001
4002
4005
4006
4012
4013
4014
4016
4017
4022
4023
4025
4027
4028
4029
4030
4032
4033
4035
4038
4039
4044
4045
4048
4050
4051
4052
4055
4056
4059
4060
4066
4068
4073
4076
4077
4078
4079
4084
4085
4089
4093
4095
4098
4101
4102
4103
4104
4105
4107
4108
4110
4113
4116
4119
4121
4122
4130
4131
4133
4134
4135
4136
4138
4139
4140
4141
4144
4145
4147
4148
4149
4151
4152
4154
4155
4156
4157
4158
4159
4160
4162
4163
4165
4169
4173
4174
4175
4176
4177
4179
4180
4181
4182
4183
4185
4189
4193
4194
4195
4198
4199
4201
4202
4203
4206
4207
4208
4209
4210
4212
4214
4215
4217
4219
4221
4222
4225
4226
4227
4229
4230
4232
4233
4234
4235
4236
4243
4247
4248
4251
4253
4254
4256
4263
4266
4267
4270
4271
4274
4281
4284
4285
4287
4291
4292
4294
4297
4299
4300
4303
4305
4306
4307
4308
4310
4311
4316
4325
4327
4328
4329
4332
4334
4336
4337
4338
4340
4341
4346
4349
4351
4354
4355
4358
4359
4360
4361
4362
4363
4364
4365
4366
4368
4369
4370
4371
4372
4373
4374
4376
4377
4380
4382
4385
4386
4389
4391
4392
4393
4395
4400
4401
4403
4404
4405
4406
4408
4410
4411
4412
4413
4415
4416
4419
4425
4426
4429
4430
4435
4436
4440
4441
4442
4449
4452
4454
4455
4456
4457
4459
4460
4463
4464
4465
4466
4467
4468
4475
4477
4479
4482
4485
4487
4489
4497
4498
4500
4501
4502
4503
4504
4507
4508
4511
4513
4515
4518
4525
4526
4527
4528
4529
4532
4533
4535
4538
4540
4542
4544
4546
4547
4551
4554
4555
4560
4561
4563
4566
4567
4568
4569
4570
4573
4574
4575
4576
4578
4580
4581
4585
4586
4588
4589
4590
4591
4592
4594
4595
4598
4599
4600
4601
4602
4603
4604
4605
4607
4609
4610
4611
4613
4617
4621
4623
4625
4626
4627
4630
4631
4633
4634
4635
4639
4640
4641
4643
4645
4649
4651
4652
4653
4655
4657
4660
4661
4666
4668
4671
4673
4674
4675
4678
4679
4681
4683
4685
4686
4688
4689
4694
4696
4697
4698
4699
4700
4703
4704
4708
4712
4713
4714
4716
4718
4719
4720
4722
4723
4724
4726
4728
4729
4735
4736
4737
4741
4742
4743
4745
4747
4748
4749
4752
4753
4758
4760
4763
4765
4767
4768
4769
4770
4772
4775
4776
4779
4781
4782
4784
4785
4786
4788
4789
4790
4791
4792
4793
4796
4797
4799
4801
4805
4807
4808
4809
4810
4811
4813
4816
4818
4819
4820
4823
4824
4827
4828
4831
4832
4834
4835
4836
4837
4838
4842
4844
4845
4846
4849
4850
4851
4854
4857
4858
4859
4861
4862
4864
4867
4871
4872
4875
4876
4881
4887
4888
4889
4890
4891
4892
4893
4894
4895
4896
4897
4900
4903
4906
4907
4909
4910
4911
4912
4913
4914
4921
4922
4923
4926
4927
4929
4930
4931
4933
4934
4935
4938
4939
4940
4943
4946
4947
4948
4952
4954
4960
4962
4964
4965
4966
4967
4969
4970
4971
4976
4977
4979
4980
4981
4982
4983
4984
4986
4987
4990
4991
4992
4993
4995
4996
4997
4998
5000
5001
5002
5004
5007
5008
5010
5012
5014
5015
5021
5023
5024
5028
5030
5031
5033
5034
5036
5037
5038
5039
5041
5042
5043
5044
5045
5051
5052
5054
5055
5057
5058
5059
5060
5063
5065
5068
5069
5070
5076
5078
5080
5084
5085
5087
5088
5089
5090
5092
5093
5094
5095
5096
5099
5100
5102
5103
5107
5108
5110
5111
5112
5113
5117
5118
5121
5124
5126
5131
5132
5135
5136
5140
5142
5144
5145
5146
5147
5148
5149
5151
5152
5153
5155
5158
5160
5161
5162
5163
5164
5165
5166
5169
5170
5171
5172
5173
5177
5180
5182
5186
5188
5191
5195
5196
5197
5201
5203
5204
5206
5209
5215
5216
5217
5218
5219
5222
5223
5224
5225
5226
5229
5231
5233
5234
5235
5236
5237
5239
5242
5245
5246
5247
5249
5250
5256
5262
5264
5266
5267
5269
5275
5276
5277
5278
5280
5281
5282
5285
5286
5287
5289
5290
5292
5293
5295
5297
5298
5300
5310
5312
5313
5317
5319
5321
5325
5326
5327
5329
5331
5335
5340
5345
5346
5347
5348
5349
5352
5353
5355
5356
5357
5358
5360
5362
5363
5366
5369
5370
5371
5372
5376
5377
5378
5380
5383
5385
5386
5391
5393
5394
5395
5396
5398
5401
5402
5405
5410
5411
5412
5413
5414
5419
5420
5425
5427
5428
5429
5430
5432
5433
5434
5436
5443
5448
5449
5453
5457
5460
5465
5466
5467
5471
5472
5473
5477
5478
5480
5481
5482
5487
5490
5491
5493
5494
5496
5499
5500
5502
5503
5506
5508
5514
5516
5518
5520
5524
5525
5529
5530
5533
5534
5536
5538
5541
5542
5543
5544
5547
5548
5549
5551
5552
5554
5555
5557
5559
5560
5562
5563
5564
5566
5568
5576
5577
5578
5580
5582
5583
5585
5587
5588
5589
5591
5594
5595
5596
5597
5599
5601
5603
5604
5605
5606
5613
5615
5617
5619
5621
5624
5627
5628
5629
5630
5632
5633
5634
5635
5637
5639
5644
5645
5647
5649
5650
5655
5656
5663
5668
5669
5672
5673
5680
5681
5685
5687
5689
5693
5695
5696
5698
5699
5700
5705
5707
5710
5711
5712
5716
5717
5720
5726
5729
5730
5732
5735
5736
5738
5739
5740
5742
5744
5745
5747
5749
5752
5753
5755
5759
5761
5762
5763
5764
5766
5768
5771
5775
5776
5780
5781
5784
5785
5786
5788
5795
5796
5799
5801
5802
5803
5805
5807
5811
5813
5815
5816
5817
5818
5819
5820
5824
5827
5832
5836
5837
5838
5840
5841
5842
5843
5845
5847
5851
5852
5853
5854
5856
5858
5859
5860
5862
5864
5865
5866
5868
5872
5873
5875
5877
5878
5884
5885
5886
5888
5891
5899
5900
5902
5904
5906
5911
5913
5915
5916
5917
5918
5924
5931
5932
5935
5936
5937
5939
5940
5941
5942
5944
5945
5949
5950
5951
5953
5957
5959
5961
5962
5963
5964
5966
5968
5970
5972
5978
5979
5982
5983
5986
5988
5989
5990
5992
5993
5995
5998
5999
6000
6001
6002
6005
6007
6008
6010
6011
6012
6015
6016
6018
6021
6022
6024
6025
6027
6031
6032
6034
6035
6039
6040
6041
6042
6044
6047
6048
6049
6051
6053
6054
6056
6058
6060
6061
6062
6065
6067
6068
6069
6072
6074
6075
6078
6080
6084
6085
6087
6089
6092
6093
6096
6097
6099
6101
6102
6115
6121
6122
6123
6124
6127
6128
6129
6131
6132
6133
6135
6140
6142
6144
6145
6147
6149
6150
6151
6156
6158
6159
6161
6163
6165
6168
6169
6170
6175
6181
6183
6187
6190
6191
6192
6197
6198
6200
6201
6203
6206
6208
6209
6211
6212
6213
6215
6216
6217
6220
6222
6224
6225
6228
6229
6231
6232
6233
6234
6237
6238
6242
6245
6246
6247
6248
6249
6250
6252
6253
6254
6256
6257
6259
6260
6262
6264
6266
6272
6273
6278
6281
6283
6286
6290
6291
6292
6293
6294
6306
6307
6308
6309
6311
6313
6314
6317
6318
6319
6320
6325
6326
6327
6329
6331
6332
6333
6336
6337
6338
6340
6342
6343
6345
6346
6349
6351
6353
6355
6359
6360
6361
6363
6365
6368
6369
6370
6371
6372
6374
6375
6376
6377
6378
6380
6381
6382
6383
6384
6385
6388
6390
6391
6392
6395
6399
6400
6401
6404
6413
6415
6420
6422
6423
6424
6426
6430
6433
6435
6439
6442
6444
6445
6446
6448
6450
6451
6452
6453
6455
6457
6458
6460
6464
6465
6467
6468
6469
6470
6472
6473
6479
6480
6482
6483
6484
6485
6496
6500
6501
6502
6505
6506
6508
6509
6512
6514
6519
6520
6521
6522
6523
6529
6530
6533
6535
6538
6539
6540
6541
6542
6543
6544
6545
6548
6549
6550
6551
6552
6555
6558
6561
6563
6564
6568
6575
6576
6578
6579
6582
6585
6586
6587
6589
6590
6592
6593
6594
6598
6600
6601
6603
6605
6606
6608
6609
6611
6613
6614
6620
6622
6624
6629
6630
6633
6637
6639
6644
6647
6650
6652
6653
6658
6662
6663
6664
6667
6670
6671
6673
6678
6680
6681
6683
6687
6688
6691
6694
6695
6698
6700
6703
6705
6706
6708
6709
6713
6716
6719
6721
6722
6723
6724
6726
6727
6728
6729
6732
6738
6741
6744
6745
6747
6750
6751
6752
6755
6758
6759
6760
6763
6765
6768
6770
6771
6773
6774
6775
6776
6778
6779
6784
6786
6787
6788
6793
6794
6795
6797
6800
6802
6803
6804
6805
6807
6810
6811
6815
6817
6819
6820
6821
6823
6828
6829
6830
6831
6834
6835
6836
6839
6847
6848
6850
6852
6857
6860
6862
6864
6865
6870
6876
6878
6879
6880
6882
6886
6891
6892
6894
6897
6902
6903
6905
6906
6909
6912
6913
6915
6917
6918
6921
6922
6924
6928
6929
6933
6934
6936
6937
6939
6941
6942
6944
6947
6954
6955
6956
6958
6959
6960
6961
6962
6963
6964
6966
6967
6968
6970
6971
6972
6973
6974
6976
6977
6980
6983
6984
6986
6990
6997
7000
7001
7003
7005
7006
7009
7010
7011
7012
7015
7018
7019
7020
7022
7023
7025
7026
7027
7028
7029
7030
7031
7032
7035
7037
7038
7042
7043
7046
7047
7048
7049
7052
7054
7056
7059
7061
7063
7065
7066
7067
7069
7070
7072
7073
7074
7077
7078
7079
7081
7083
7088
7089
7091
7094
7095
7096
7097
7099
7103
7104
7108
7109
7110
7111
7114
7115
7118
7122
7127
7128
7130
7131
7132
7134
7136
7137
7138
7139
7141
7142
7143
7144
7145
7146
7148
7151
7153
7157
7158
7166
7167
7173
7174
7176
7177
7178
7179
7184
7186
7187
7188
7189
7190
7193
7196
7197
7199
7203
7206
7207
7208
7209
7212
7213
7214
7215
7218
7220
7221
7222
7224
7225
7227
7228
7229
7230
7231
7233
7235
7236
7238
7240
7250
7252
7256
7258
7263
7265
7266
7267
7269
7270
7272
7274
7278
7279
7282
7283
7284
7287
7288
7289
7291
7292
7298
7299
7302
7304
7305
7308
7314
7315
7320
7322
7323
7326
7327
7328
7334
7335
7336
7340
7342
7345
7346
7348
7350
7352
7354
7356
7357
7358
7360
7361
7363
7368
7370
7371
7375
7376
7378
7380
7381
7382
7383
7386
7387
7388
7389
7394
7395
7396
7400
7403
7407
7409
7410
7413
7414
7415
7416
7419
7420
7422
7427
7429
7430
7431
7432
7433
7434
7435
7437
7442
7444
7447
7450
7456
7457
7462
7463
7465
7468
7471
7473
7475
7479
7485
7486
7489
7490
7491
7493
7498
7499
7501
7502
7504
7506
7509
7510
7511
7512
7513
7514
7517
7518
7519
7523
7526
7527
7532
7533
7534
7535
7536
7539
7542
7543
7545
7546
7548
7550
7552
7553
7554
7555
7558
7559
7560
7564
7568
7569
7570
7571
7573
7575
7577
7579
7581
7582
7586
7587
7588
7589
7590
7592
7595
7596
7597
7599
7603
7605
7608
7610
7611
7613
7614
7615
7618
7620
7621
7622
7623
7624
7626
7629
7634
7635
7636
7637
7641
7644
7647
7648
7649
7650
7653
7655
7656
7658
7660
7661
7663
7666
7668
7669
7670
7674
7675
7678
7681
7683
7684
7685
7688
7689
7693
7695
7696
7697
7699
7700
7701
7702
7703
7704
7708
7710
7712
7713
7715
7717
7718
7720
7722
7724
7730
7732
7734
7737
7739
7743
7744
7746
7747
7749
7750
7751
7753
7754
7755
7757
7759
7760
7765
7766
7768
7769
7773
7774
7775
7776
7778
7779
7783
7785
7787
7789
7790
7791
7792
7793
7796
7800
7801
7805
7808
7809
7811
7813
7814
7815
7818
7823
7825
7829
7830
7831
7832
7836
7840
7842
7843
7847
7848
7852
7853
7856
7857
7858
7859
7860
7864
7865
7866
7868
7870
7872
7874
7880
7881
7882
7883
7884
7885
7886
7889
7890
7892
7894
7895
7896
7897
7898
7901
7902
7903
7907
7911
7918
7922
7924
7925
7927
7928
7929
7931
7934
7935
7938
7940
7942
7948
7950
7953
7956
7957
7961
7962
7967
7969
7971
7972
7973
7974
7975
7976
7977
7978
7980
7983
7985
7986
7989
7992
7993
7994
7995
7997
7998
7999
8001
8003
8004
8005
8006
8007
8009
8010
8013
8015
8016
8020
8021
8022
8023
8025
8026
8028
8030
8034
8037
8039
8041
8044
8049
8050
8052
8054
8056
8061
8062
8063
8065
8070
8071
8074
8079
8081
8082
8083
8090
8091
8093
8094
8097
8100
8101
8104
8105
8106
8107
8108
8117
8118
8120
8123
8125
8126
8128
8129
8130
8131
8133
8140
8141
8143
8144
8145
8147
8149
8150
8152
8153
8154
8155
8156
8157
8162
8166
8167
8169
8171
8175
8177
8180
8185
8187
8190
8197
8198
8199
8200
8201
8203
8204
8208
8212
8213
8214
8219
8220
8221
8224
8229
8230
8231
8232
8233
8234
8235
8236
8239
8240
8241
8243
8246
8247
8248
8249
8251
8254
8255
8258
8260
8262
8266
8268
8272
8275
8276
8277
8279
8281
8282
8283
8284
8285
8287
8289
8292
8293
8299
8300
8301
8302
8303
8304
8305
8307
8308
8312
8313
8314
8316
8322
8323
8325
8327
8330
8332
8334
8336
8337
8338
8341
8342
8344
8346
8348
8350
8351
8352
8354
8355
8356
8359
8361
8362
8364
8365
8368
8370
8372
8374
8376
8378
8380
8382
8386
8389
8391
8393
8394
8395
8396
8397
8398
8399
8404
8405
8406
8407
8408
8409
8410
8411
8412
8414
8417
8419
8420
8422
8424
8425
8426
8427
8428
8430
8432
8433
8434
8435
8437
8439
8441
8442
8443
8444
8445
8446
8448
8451
8455
8460
8461
8462
8463
8464
8465
8467
8469
8474
8475
8476
8479
8480
8483
8484
8485
8486
8489
8493
8495
8497
8501
8502
8503
8504
8505
8506
8511
8512
8516
8517
8518
8521
8523
8528
8531
8532
8537
8543
8544
8545
8546
8550
8552
8556
8561
8562
8563
8565
8566
8568
8571
8572
8574
8575
8577
8578
8581
8582
8589
8590
8591
8592
8593
8594
8599
8600
8604
8605
8608
8609
8610
8612
8617
8620
8623
8625
8626
8629
8631
8634
8636
8638
8639
8640
8641
8642
8643
8645
8646
8647
8648
8655
8656
8657
8658
8659
8661
8662
8663
8665
8666
8667
8668
8669
8671
8673
8674
8675
8678
8679
8681
8685
8686
8687
8688
8689
8692
8697
8698
8699
8700
8701
8705
8706
8708
8709
8710
8712
8713
8714
8717
8720
8721
8724
8725
8730
8731
8734
8735
8736
8737
8739
8741
8744
8745
8749
8750
8752
8753
8756
8758
8765
8767
8768
8770
8773
8775
8776
8777
8781
8783
8787
8788
8789
8790
8799
8800
8804
8806
8809
8810
8811
8812
8813
8814
8815
8818
8819
8820
8822
8823
8824
8825
8826
8830
8831
8833
8840
8842
8843
8845
8846
8847
8848
8850
8851
8852
8853
8854
8855
8856
8860
8864
8865
8867
8871
8873
8875
8876
8878
8879
8884
8885
8886
8888
8892
8893
8895
8896
8898
8901
8908
8909
8910
8914
8918
8920
8926
8929
8930
8931
8932
8934
8937
8938
8943
8949
8950
8954
8955
8958
8961
8963
8969
8970
8972
8974
8976
8980
8981
8983
8984
8987
8988
8989
8991
8992
8994
8995
8997
9001
9002
9005
9016
9018
9019
9022
9023
9025
9026
9030
9031
9035
9037
9038
9039
9040
9041
9042
9044
9045
9048
9051
9052
9053
9057
9059
9061
9062
9063
9067
9069
9070
9071
9073
9076
9077
9078
9082
9084
9085
9087
9088
9090
9093
9094
9096
9098
9104
9109
9110
9111
9112
9115
9118
9119
9120
9121
9122
9124
9126
9128
9130
9131
9132
9133
9134
9137
9138
9139
9142
9143
9148
9149
9151
9153
9159
9160
9161
9162
9163
9166
9167
9169
9171
9173
9175
9177
9179
9181
9182
9183
9184
9185
9188
9189
9191
9192
9193
9194
9196
9198
9201
9202
9204
9208
9213
9214
9215
9226
9227
9228
9230
9233
9235
9236
9237
9239
9240
9241
9242
9247
9249
9250
9251
9253
9255
9257
9258
9259
9260
9261
9262
9263
9268
9269
9272
9274
9275
9276
9277
9282
9285
9286
9287
9289
9291
9293
9295
9296
9297
9298
9300
9305
9306
9307
9309
9310
9313
9314
9315
9317
9318
9320
9321
9328
9329
9332
9335
9336
9337
9340
9342
9344
9345
9346
9347
9348
9352
9356
9357
9358
9362
9364
9367
9368
9369
9370
9371
9372
9374
9375
9377
9379
9380
9381
9382
9383
9384
9386
9389
9390
9392
9394
9395
9396
9397
9398
9400
9404
9407
9410
9411
9412
9414
9415
9416
9417
9418
9419
9420
9421
9422
9424
9426
9427
9428
9430
9432
9433
9434
9435
9436
9437
9440
9442
9446
9447
9449
9455
9456
9457
9458
9460
9462
9463
9464
9465
9466
9467
9468
9469
9470
9474
9476
9477
9478
9479
9480
9483
9486
9487
9489
9493
9494
9495
9497
9499
9500
9502
9505
9506
9509
9513
9514
9515
9520
9521
9528
9529
9531
9532
9533
9534
9536
9538
9539
9540
9542
9544
9545
9548
9551
9552
9553
9555
9556
9557
9560
9561
9562
9565
9566
9570
9572
9574
9576
9579
9581
9583
9585
9587
9590
9591
9593
9594
9595
9601
9603
9606
9609
9610
9612
9617
9618
9619
9621
9623
9624
9625
9626
9627
9628
9629
9630
9631
9632
9633
9634
9635
9636
9638
9640
9641
9644
9645
9647
9648
9649
9650
9653
9656
9657
9664
9667
9669
9670
9673
9674
9675
9677
9678
9686
9688
9689
9690
9693
9694
9695
9697
9698
9701
9704
9705
9711
9713
9714
9719
9720
9722
9723
9724
9726
9727
9729
9730
9731
9734
9735
9736
9737
9738
9742
9745
9746
9750
9751
9753
9755
9756
9758
9759
9761
9764
9766
9769
9770
9772
9773
9774
9777
9778
9780
9783
9784
9785
9789
9791
9793
9796
9797
9798
9799
9800
9802
9804
9805
9807
9809
9810
9817
9818
9828
9829
9830
9832
9833
9834
9836
9837
9840
9844
9845
9846
9850
9855
9857
9860
9861
9864
9866
9873
9875
9877
9878
9879
9881
9883
9888
9891
9892
9895
9896
9897
9904
9905
9907
9910
9912
9913
9914
9917
9918
9919
9920
9921
9923
9924
9925
9928
9930
9931
9940
9942
9943
9945
9946
9947
9948
9950
9953
9954
9955
9957
9958
9959
9961
9965
9966
9968
9969
9970
9972
9974
9975
9976
9977
9979
9981
9986
9987
9995
10001
10006
10008
10014
10015
10018
10019
10021
10023
10024
10025
10031
10034
10035
10037
10038
10041
10042
10044
10045
10046
10047
10048
10050
10053
10055
10057
10062
10063
10064
10065
10069
10071
10072
10073
10074
10075
10079
10082
10084
10085
10088
10094
10095
10097
10099
10100
10102
10103
10105
10108
10109
10112
10118
10121
10123
10126
10128
10129
10136
10141
10142
10143
10144
10145
10147
10148
10151
10152
10153
10156
10159
10160
10161
10168
10173
10176
10178
10180
10182
10183
10187
10190
10195
10201
10203
10205
10206
10209
10212
10214
10215
10219
10220
10221
10222
10223
10224
10226
10228
10229
10230
10231
10233
10235
10236
10241
10243
10244
10246
10248
10249
10250
10252
10256
10258
10259
10260
10261
10262
10264
10268
10270
10273
10275
10283
10285
10294
10296
10297
10303
10306
10308
10309
10310
10313
10315
10316
10317
10320
10322
10326
10327
10330
10331
10332
10333
10335
10337
10339
10340
10343
10344
10351
10354
10357
10363
10364
10365
10366
10367
10370
10371
10372
10374
10375
10377
10378
10381
10383
10384
10386
10387
10388
10389
10391
10392
10395
10399
10400
10401
10404
10405
10406
10407
10409
10413
10414
10415
10417
10419
10424
10425
10429
10431
10432
10435
10436
10437
10441
10442
10443
10446
10451
10453
10454
10456
10459
10461
10464
10465
10468
10469
10471
10472
10474
10477
10480
10483
10484
10485
10486
10487
10488
10490
10491
10492
10494
10500
10503
10505
10507
10508
10509
10513
10514
10519
10521
10523
10526
10527
10528
10529
10530
10533
10534
10537
10538
10541
10542
10543
10548
10549
10550
10552
10553
10555
10556
10558
10559
10560
10561
10562
10566
10567
10570
10574
10577
10579
10580
10581
10582
10583
10585
10586
10588
10589
10590
10592
10593
10594
10595
10598
10600
10603
10604
10606
10607
10611
10613
10614
10615
10616
10618
10619
10622
10623
10624
10625
10627
10628
10630
10636
10639
10640
10643
10644
10648
10650
10651
10654
10655
10656
10658
10659
10660
10661
10662
10664
10667
10668
10673
10674
10677
10680
10682
10684
10688
10692
10693
10695
10698
10702
10703
10705
10706
10707
10712
10714
10716
10717
10718
10719
10728
10730
10731
10732
10733
10734
10735
10738
10741
10744
10746
10750
10752
10754
10755
10756
10757
10758
10759
10761
10763
10764
10765
10766
10768
10770
10772
10776
10781
10786
10792
10794
10795
10796
10797
10798
10801
10804
10806
10808
10810
10812
10815
10821
10822
10823
10825
10827
10829
10830
10831
10833
10834
10835
10836
10840
10841
10843
10845
10847
10848
10849
10851
10852
10854
10856
10858
10859
10860
10862
10864
10868
10869
10874
10875
10876
10877
10879
10880
10885
10887
10890
10891
10897
10900
10902
10903
10906
10910
10912
10913
10916
10917
10919
10921
10923
10924
10926
10928
10930
10934
10935
10936
10945
10949
10950
10952
10953
10957
10958
10960
10962
10963
10965
10966
10968
10971
10975
10978
10979
10980
10982
10983
10984
10990
10994
10996
10998
11000
11002
11003
11005
11006
11008
11010
11011
11014
11016
11018
11019
11021
11024
11027
11028
11035
11039
11042
11044
11045
11046
11047
11048
11053
11054
11055
11056
11058
11060
11062
11064
11066
11068
11069
11072
11075
11077
11080
11081
11083
11091
11092
11093
11096
11098
11099
11100
11102
11103
11104
11108
11110
11113
11114
11117
11119
11120
11121
11126
11129
11130
11134
11136
11138
11140
11141
11142
11143
11146
11147
11148
11149
11150
11151
11155
11157
11159
11161
11163
11168
11169
11172
11176
11177
11178
11179
11180
11181
11182
11184
11185
11189
11191
11194
11195
11196
11198
11201
11202
11203
11206
11208
11209
11210
11211
11213
11214
11216
11217
11222
11224
11226
11227
11228
11230
11231
11232
11239
11240
11241
11242
11247
11248
11249
11250
11251
11252
11254
11255
11256
11258
11261
11268
11271
11272
11275
11276
11277
11279
11282
11284
11285
11287
11288
11289
11291
11296
11297
11298
11299
11300
11301
11305
11308
11309
11310
11312
11315
11317
11318
11320
11321
11324
11326
11328
11332
11333
11335
11336
11338
11342
11345
11347
11353
11354
11357
11358
11362
11363
11364
11367
11368
11370
11371
11372
11379
11383
11384
11386
11387
11388
11390
11391
11392
11393
11394
11397
11398
11401
11402
11405
11408
11409
11410
11412
11414
11415
11416
11417
11419
11420
11424
11425
11431
11433
11438
11439
11441
11443
11445
11447
11449
11450
11451
11453
11454
11455
11456
11462
11463
11464
11465
11469
11471
11473
11479
11481
11482
11483
11485
11487
11488
11489
11491
11492
11494
11496
11498
11503
11505
11507
11508
11511
11515
11516
11517
11519
11522
11523
11524
11525
11526
11540
11546
11549
11551
11556
11557
11559
11561
11564
11565
11567
11569
11570
11571
11574
11578
11579
11582
11583
11585
11586
11587
11588
11590
11593
11594
11598
11601
11602
11605
11606
11607
11609
11610
11613
11614
11619
11621
11622
11624
11628
11630
11635
11636
11637
11638
11640
11644
11649
11652
11662
11663
11664
11670
11671
11672
11673
11677
11678
11680
11683
11684
11685
11686
11687
11693
11694
11697
11698
11699
11700
11701
11705
11708
11712
11714
11715
11718
11719
11722
11723
11724
11726
11735
11737
11738
11739
11746
11747
11749
11750
11751
11752
11753
11755
11757
11758
11759
11764
11772
11773
11774
11775
11776
11777
11780
11781
11782
11788
11790
11791
11794
11795
11799
11800
11801
11802
11804
11807
11808
11810
11813
11819
11823
11824
11825
11826
11830
11831
11832
11835
11837
11838
11841
11846
11847
11850
11852
11853
11854
11856
11860
11862
11868
11872
11875
11878
11879
11882
11883
11884
11885
11886
11889
11892
11893
11895
11896
11897
11898
11899
11900
11902
11906
11910
11911
11912
11914
11915
11917
11920
11921
11925
11928
11931
11932
11933
11934
11936
11938
11941
11943
11944
11947
11950
11953
11954
11956
11957
11958
11960
11964
11966
11967
11968
11970
11972
11973
11977
11978
11980
11981
11983
11987
11989
11993
11994
11995
11996
12002
12004
12005
12006
12008
12010
12012
12013
12016
12017
12018
12021
12022
12023
12026
12029
12030
12035
12037
12038
12040
12043
12045
12046
12047
12048
12052
12054
12056
12057
12062
12066
12067
12072
12073
12075
12079
12080
12084
12085
12086
12087
12093
12094
12097
12098
12100
12102
12103
12106
12108
12109
12113
12114
12117
12122
12129
12132
12134
12135
12137
12138
12140
12144
12145
12146
12148
12150
12151
12152
12153
12155
12156
12157
12161
12162
12165
12166
12167
12168
12169
12170
12172
12173
12174
12175
12176
12178
12180
12181
12182
12183
12184
12185
12187
12190
12191
12192
12195
12196
12197
12198
12200
12204
12206
12210
12211
12213
12215
12216
12217
12219
12221
12224
12225
12227
12230
12232
12233
12234
12236
12237
12238
12241
12243
12244
12247
12249
12251
12253
12254
12257
12258
12259
12260
12263
12265
12266
12268
12269
12271
12272
12276
12278
12279
12283
12284
12286
12289
12290
12291
12293
12294
12297
12301
12304
12305
12308
12310
12313
12314
12315
12316
12319
12322
12323
12325
12329
12334
12335
12337
12341
12343
12344
12346
12347
12349
12350
12354
12355
12358
12361
12362
12363
12364
12367
12368
12370
12371
12372
12373
12375
12376
12378
12380
12381
12384
12385
12387
12388
12389
12390
12391
12392
12394
12395
12396
12398
12402
12403
12407
12410
12416
12418
12419
12420
12424
12426
12427
12428
12430
12431
12433
12439
12440
12442
12443
12444
12445
12450
12451
12452
12456
12457
12459
12461
12462
12463
12467
12471
12472
12475
12476
12477
12478
12479
12480
12481
12482
12484
12485
12486
12487
12488
12489
12490
12492
12493
12496
12497
12498
12500
12503
12504
12505
12507
12510
12511
12514
12516
12518
12519
12521
12523
12524
12527
12528
12530
12531
12532
12533
12534
12536
12539
12542
12543
12545
12546
12547
12548
12551
12552
12554
12559
12560
12567
12568
12569
12570
12571
12574
12579
12580
12581
12583
12584
12586
12588
12589
12590
12591
12592
12597
12600
12601
12604
12605
12606
12609
12613
12617
12618
12621
12625
12627
12628
12629
12630
12631
12632
12633
12635
12638
12639
12640
12641
12642
12643
12644
12646
12647
12648
12651
12652
12653
12654
12655
12657
12658
12659
12660
12661
12663
12665
12667
12668
12670
12671
12674
12680
12684
12685
12686
12689
12690
12691
12692
12693
12694
12696
12698
12699
12702
12703
12704
12705
12706
12707
12708
12709
12710
12711
12714
12716
12717
12718
12719
12722
12723
12726
12727
12729
12730
12731
12735
12736
12737
12739
12740
12742
12743
12744
12745
12747
12750
12751
12752
12758
12760
12761
12763
12764
12765
12767
12770
12772
12773
12774
12775
12777
12779
12781
12784
12785
12786
12788
12790
12791
12793
12794
12796
12797
12799
12800
12801
12804
12805
12808
12809
12816
12818
12820
12821
12822
12823
12827
12828
12830
12835
12836
12837
12839
12841
12843
12846
12848
12849
12850
12851
12856
12859
12860
12861
12863
12864
12867
12868
12869
12872
12873
12874
12876
12877
12880
12882
12886
12887
12889
12892
12894
12896
12897
12898
12901
12904
12910
12913
12915
12916
12917
12925
12926
12927
12928
12929
12930
12931
12932
12933
12934
12935
12936
12937
12938
12939
12940
12941
12942
12943
12945
12947
12948
12955
12960
12961
12964
12965
12967
12968
12971
12972
12973
12974
12975
12977
12979
12980
12981
12982
12983
12985
12991
12994
12998
12999
13000
13003
13006
13007
13009
13011
13012
13015
13016
13017
13019
13020
13023
13025
13027
13028
13029
13031
13033
13034
13036
13038
13039
13040
13041
13042
13045
13046
13048
13049
13057
13065
13069
13070
13072
13078
13081
13082
13084
13085
13086
13088
13091
13097
13100
13101
13104
13105
13106
13107
13108
13109
13110
13111
13113
13114
13115
13116
13117
13118
13119
13121
13123
13125
13126
13128
13129
13130
13132
13134
13135
13136
13137
13139
13143
13145
13155
13157
13158
13159
13160
13163
13167
13168
13177
13178
13181
13182
13184
13185
13186
13188
13192
13194
13196
13197
13198
13199
13200
13201
13203
13204
13206
13208
13210
13215
13218
13219
13222
13224
13225
13226
13228
13231
13234
13235
13239
13244
13248
13253
13254
13256
13257
13258
13259
13260
13261
13265
13267
13276
13280
13284
13285
13286
13287
13289
13292
13293
13294
13298
13300
13303
13304
13306
13307
13308
13312
13313
13315
13323
13326
13327
13328
13330
13331
13333
13334
13335
13338
13339
13341
13343
13344
13349
13350
13353
13355
13358
13359
13362
13366
13367
13368
13369
13371
13372
13377
13379
13383
13387
13391
13392
13393
13394
13395
13396
13398
13403
13404
13405
13409
13411
13413
13414
13420
13423
13426
13428
13431
13432
13434
13436
13440
13441
13443
13446
13447
13450
13451
13454
13456
13457
13458
13461
13464
13466
13467
13468
13469
13473
13474
13475
13476
13478
13485
13489
13490
13493
13496
13497
13501
13502
13505
13510
13512
13515
13524
13526
13528
13530
13534
13536
13538
13539
13540
13541
13542
13544
13547
13548
13551
13553
13554
13556
13557
13560
13563
13564
13565
13567
13568
13569
13570
13573
13574
13576
13577
13578
13584
13585
13586
13589
13590
13591
13592
13593
13594
13596
13597
13600
13601
13602
13604
13606
13607
13609
13613
13615
13617
13619
13620
13622
13625
13627
13628
13629
13631
13632
13634
13635
13636
13637
13638
13639
13640
13642
13644
13645
13646
13648
13649
13651
13653
13664
13669
13670
13674
13675
13677
13678
13680
13682
13683
13687
13688
13689
13690
13692
13698
13699
13700
13702
13703
13706
13709
13710
13713
13714
13720
13721
13722
13724
13725
13727
13729
13730
13732
13733
13735
13737
13742
13746
13749
13750
13754
13757
13758
13761
13763
13764
13765
13769
13770
13772
13773
13778
13781
13782
13783
13786
13791
13792
13793
13794
13795
13797
13798
13800
13801
13802
13803
13805
13806
13807
13808
13810
13811
13813
13816
13817
13818
13824
13825
13830
13833
13835
13836
13838
13840
13845
13847
13849
13852
13854
13856
13858
13860
13863
13866
13868
13869
13870
13873
13874
13877
13881
13882
13883
13884
13886
13888
13889
13893
13894
13896
13898
13900
13902
13904
13905
13906
13907
13908
13912
13914
13916
13917
13922
13924
13925
13926
13927
13928
13930
13931
13935
13936
13939
13940
13941
13949
13955
13957
13958
13959
13961
13962
13964
13967
13968
13969
13970
13973
13974
13975
13976
13977
13978
13982
13983
13986
13991
13993
13995
13997
13999
14000
14003
14005
14007
14012
14016
14017
14018
14019
14022
14023
14026
14028
14031
14033
14034
14038
14039
14040
14041
14044
14045
14046
14048
14049
14050
14051
14054
14055
14057
14061
14062
14065
14070
14073
14074
14075
14078
14079
14084
14085
14086
14087
14089
14099
14101
14103
14105
14106
14108
14111
14116
14118
14123
14124
14125
14126
14128
14129
14133
14135
14138
14139
14140
14141
14142
14145
14147
14149
14151
14155
14156
14157
14161
14162
14169
14170
14172
14173
14176
14177
14180
14181
14182
14187
14189
14190
14193
14196
14198
14199
14200
14202
14204
14205
14207
14208
14213
14214
14217
14220
14221
14222
14224
14228
14229
14230
14231
14232
14237
14238
14240
14242
14243
14246
14250
14253
14254
14258
14259
14260
14261
14264
14272
14275
14277
14283
14284
14285
14286
14287
14289
14291
14294
14296
14298
14299
14300
14301
14302
14306
14308
14309
14310
14314
14315
14316
14317
14319
14320
14321
14322
14323
14325
14326
14328
14329
14330
14333
14334
14336
14338
14341
14342
14346
14347
14348
14349
14350
14352
14353
14354
14355
14356
14357
14358
14363
14364
14366
14367
14370
14373
14376
14377
14379
14383
14387
14391
14392
14397
14398
14399
14400
14402
14403
14404
14406
14407
14408
14409
14410
14411
14412
14417
14419
14421
14426
14428
14430
14431
14433
14436
14438
14440
14443
14444
14445
14446
14447
14448
14450
14452
14453
14454
14455
14456
14460
14461
14465
14467
14474
14475
14478
14483
14484
14485
14488
14489
14490
14495
14500
14501
14502
14503
14506
14510
14512
14514
14517
14518
14520
14527
14531
14532
14533
14535
14536
14537
14538
14541
14543
14544
14547
14548
14549
14550
14551
14553
14554
14556
14559
14561
14563
14568
14571
14572
14574
14575
14578
14580
14587
14589
14590
14591
14592
14593
14595
14596
14598
14599
14600
14601
14603
14604
14605
14609
14611
14612
14613
14615
14617
14620
14621
14622
14624
14625
14626
14628
14632
14633
14634
14636
14637
14638
14641
14644
14645
14646
14647
14649
14651
14655
14656
14657
14658
14660
14662
14663
14664
14671
14679
14681
14684
14686
14689
14691
14692
14693
14694
14695
14696
14697
14698
14699
14700
14701
14703
14705
14706
14708
14710
14713
14715
14716
14718
14719
14720
14721
14728
14729
14731
14733
14736
14739
14740
14743
14744
14745
14747
14751
14754
14755
14759
14760
14761
14763
14766
14767
14768
14772
14774
14777
14780
14781
14784
14785
14788
14792
14793
14797
14798
14799
14806
14807
14808
14811
14812
14814
14816
14817
14819
14822
14823
14824
14825
14828
14829
14831
14833
14834
14835
14836
14837
14839
14840
14843
14844
14845
14846
14848
14849
14851
14853
14856
14857
14859
14861
14866
14867
14870
14872
14873
14874
14875
14877
14878
14883
14887
14889
14890
14893
14894
14895
14896
14897
14898
14900
14902
14904
14908
14909
14910
14911
14912
14914
14915
14917
14918
14919
14924
14926
14928
14930
14932
14934
14935
14936
14938
14939
14941
14945
14946
14948
14950
14952
14955
14957
14959
14962
14964
14966
14969
14971
14973
14978
14979
14984
14985
14986
14988
14991
14996
14998
15003
15006
15008
15009
15011
15014
15016
15017
15018
15020
15022
15026
15027
15030
15032
15033
15034
15038
15040
15041
15042
15044
15048
15049
15050
15055
15058
15061
15063
15068
15070
15074
15076
15077
15079
15080
15081
15083
15084
15086
15087
15089
15091
15092
15093
15097
15099
15106
15107
15109
15110
15111
15112
15114
15118
15119
15121
15123
15124
15125
15128
15130
15132
15133
15134
15135
15136
15139
15140
15141
15142
15143
15145
15146
15151
15153
15154
15155
15157
15158
15159
15160
15161
15162
15163
15164
15168
15169
15170
15173
15175
15176
15178
15180
15181
15182
15183
15185
15186
15187
15188
15189
15190
15191
15192
15193
15195
15199
15203
15206
15207
15212
15213
15215
15218
15220
15225
15226
15227
15228
15229
15231
15234
15235
15236
15238
15241
15242
15245
15247
15248
15251
15253
15254
15255
15257
15259
15260
15262
15264
15267
15269
15271
15275
15277
15279
15282
15283
15284
15285
15289
15292
15294
15295
15298
15304
15305
15308
15310
15311
15312
15313
15318
15319
15320
15321
15322
15324
15327
15331
15337
15339
15341
15344
15348
15351
15352
15353
15357
15360
15361
15364
15369
15370
15372
15375
15377
15378
15381
15382
15385
15388
15389
15391
15392
15393
15397
15401
15404
15407
15408
15409
15410
15411
15413
15414
15416
15417
15418
15419
15421
15422
15427
15428
15429
15430
15431
15432
15435
15437
15438
15439
15443
15444
15446
15447
15449
15452
15463
15464
15465
15466
15467
15469
15470
15471
15472
15476
15479
15480
15482
15485
15487
15488
15490
15491
15493
15495
15496
15500
15501
15503
15505
15507
15510
15512
15515
15516
15518
15519
15521
15522
15524
15525
15526
15532
15533
15534
15536
15538
15539
15542
15544
15545
15546
15549
15550
15552
15553
15554
15557
15560
15563
15567
15569
15570
15580
15582
15583
15584
15587
15593
15594
15596
15597
15599
15601
15602
15604
15605
15607
15609
15610
15612
15613
15614
15615
15616
15617
15618
15619
15620
15623
15625
15629
15630
15639
15640
15642
15643
15648
15649
15650
15651
15652
15655
15656
15659
15661
15663
15665
15669
15671
15673
15677
15680
15681
15682
15683
15686
15692
15693
15695
15696
15697
15708
15712
15715
15716
15718
15719
15720
15721
15722
15725
15726
15729
15730
15737
15740
15741
15742
15743
15744
15745
15746
15747
15750
15751
15752
15754
15757
15758
15760
15762
15763
15765
15766
15767
15768
15771
15773
15774
15776
15777
15778
15780
15782
15786
15787
15788
15789
15793
15795
15796
15798
15802
15806
15807
15809
15811
15812
15815
15820
15822
15827
15829
15830
15831
15833
15835
15836
15837
15839
15840
15843
15844
15845
15846
15847
15851
15852
15855
15858
15861
15865
15869
15871
15872
15874
15875
15877
15878
15880
15881
15886
15887
15889
15892
15900
15901
15903
15910
15914
15916
15918
15920
15923
15924
15926
15927
15928
15930
15933
15934
15935
15938
15939
15945
15948
15949
15950
15951
15953
15954
15955
15956
15957
15958
15959
15960
15961
15965
15966
15967
15968
15972
15974
15976
15977
15978
15980
15982
15983
15984
15985
15986
15991
15992
15994
15995
15996
16002
16003
16005
16006
16007
16009
16011
16014
16017
16018
16019
16023
16025
16026
16028
16029
16032
16033
16039
16041
16042
16043
16045
16048
16049
16055
16060
16061
16063
16067
16069
16071
16072
16074
16075
16078
16079
16080
16081
16082
16084
16088
16090
16092
16093
16094
16095
16096
16097
16105
16106
16107
16108
16110
16114
16115
16116
16117
16120
16122
16123
16126
16127
16128
16129
16135
16138
16140
16141
16143
16145
16147
16150
16152
16154
16155
16156
16157
16158
16159
16160
16161
16162
16164
16165
16166
16167
16171
16173
16174
16177
16178
16183
16184
16188
16191
16192
16193
16194
16195
16197
16202
16203
16205
16206
16208
16209
16211
16213
16215
16220
16221
16222
16224
16226
16228
16229
16230
16232
16233
16234
16236
16237
16244
16245
16247
16248
16249
16250
16253
16257
16259
16262
16264
16266
16268
16269
16270
16271
16272
16274
16276
16279
16280
16286
16289
16291
16292
16294
16295
16296
16297
16298
16300
16301
16305
16306
16310
16311
16314
16315
16316
16317
16319
16322
16323
16329
16331
16333
16334
16336
16342
16343
16346
16348
16351
16352
16354
16355
16357
16358
16359
16360
16363
16364
16365
16366
16368
16370
16371
16374
16375
16376
16377
16385
16388
16390
16391
16392
16393
16395
16398
16400
16402
16403
16408
16410
16412
16415
16417
16421
16423
16424
16428
16429
16430
16431
16432
16436
16438
16440
16441
16445
16448
16452
16456
16457
16462
16463
16466
16468
16469
16470
16471
16472
16473
16477
16480
16482
16483
16485
16487
16488
16489
16490
16491
16494
16495
16499
16500
16501
16505
16511
16513
16514
16515
16516
16520
16525
16526
16527
16529
16531
16533
16534
16535
16536
16537
16539
16540
16541
16542
16544
16549
16551
16553
16555
16557
16566
16567
16569
16572
16573
16575
16577
16578
16579
16580
16581
16584
16585
16586
16587
16588
16589
16590
16591
16593
16594
16596
16597
16600
16602
16607
16609
16610
16612
16613
16615
16616
16617
16620
16622
16624
16625
16631
16634
16637
16638
16640
16641
16643
16645
16646
16647
16651
16652
16653
16655
16656
16659
16663
16664
16665
16666
16667
16668
16670
16671
16672
16673
16676
16678
16680
16683
16687
16688
16689
16690
16691
16692
16693
16695
16697
16699
16703
16704
16705
16706
16707
16708
16710
16716
16717
16718
16719
16721
16722
16723
16724
16725
16726
16728
16729
16730
16731
16734
16736
16737
16738
16739
16742
16744
16745
16746
16747
16749
16750
16753
16754
16756
16758
16760
16764
16765
16767
16768
16769
16771
16772
16775
16778
16782
16783
16786
16790
16795
16796
16799
16801
16804
16805
16807
16809
16810
16811
16815
16817
16818
16819
16820
16822
16823
16826
16827
16829
16830
16831
16832
16833
16834
16835
16838
16840
16842
16844
16846
16849
16852
16859
16860
16861
16862
16863
16867
16869
16871
16872
16874
16875
16876
16878
16880
16881
16883
16884
16885
16888
16891
16894
16896
16897
16898
16899
16900
16905
16908
16912
16914
16916
16918
16919
16921
16922
16929
16931
16933
16934
16936
16937
16939
16941
16943
16946
16948
16949
16951
16954
16958
16962
16963
16964
16966
16967
16968
16969
16971
16974
16975
16976
16977
16978
16979
16980
16982
16986
16990
16991
16993
16995
16996
16997
17000
17002
17004
17005
17008
17010
17014
17016
17017
17024
17026
17028
17029
17030
17031
17032
17035
17036
17037
17040
17043
17047
17048
17050
17051
17054
17056
17057
17060
17061
17063
17064
17065
17066
17068
17069
17071
17072
17075
17076
17078
17082
17083
17085
17087
17088
17093
17094
17097
17098
17099
17100
17101
17103
17106
17107
17108
17110
17114
17115
17117
17118
17119
17124
17127
17128
17129
17130
17131
17133
17135
17136
17138
17139
17141
17143
17146
17147
17148
17149
17159
17160
17161
17162
17164
17165
17166
17167
17170
17171
17172
17174
17175
17176
17177
17178
17179
17180
17183
17186
17187
17188
17194
17197
17198
17199
17200
17204
17206
17207
17213
17214
17215
17217
17219
17220
17221
17222
17223
17226
17227
17231
17232
17234
17236
17237
17238
17242
17244
17251
17252
17253
17255
17257
17258
17260
17261
17263
17265
17267
17269
17271
17272
17273
17275
17277
17279
17281
17282
17283
17284
17285
17288
17289
17290
17291
17297
17303
17304
17305
17308
17309
17311
17312
17315
17317
17318
17319
17320
17321
17324
17326
17327
17328
17329
17330
17331
17332
17335
17338
17340
17341
17342
17344
17346
17348
17349
17354
17360
17364
17365
17366
17367
17368
17370
17371
17373
17374
17375
17378
17382
17383
17384
17387
17388
17391
17392
17393
17396
17397
17398
17399
17400
17401
17402
17409
17410
17411
17413
17415
17416
17417
17418
17419
17420
17422
17423
17426
17428
17429
17432
17435
17436
17438
17439
17440
17441
17443
17445
17446
17448
17449
17452
17453
17456
17459
17460
17461
17462
17463
17465
17468
17469
17471
17473
17480
17484
17486
17488
17491
17492
17495
17497
17498
17499
17500
17504
17506
17507
17510
17511
17513
17518
17519
17520
17524
17526
17528
17529
17530
17531
17532
17533
17534
17535
17536
17538
17542
17546
17548
17549
17552
17553
17554
17555
17556
17557
17558
17560
17561
17564
17566
17568
17570
17571
17572
17573
17574
17575
17577
17578
17580
17583
17584
17588
17590
17591
17593
17595
17596
17599
17601
17603
17604
17609
17610
17617
17618
17624
17630
17631
17633
17634
17635
17636
17637
17638
17639
17641
17642
17643
17645
17646
17647
17649
17650
17652
17653
17654
17656
17665
17666
17668
17670
17671
17677
17680
17685
17686
17687
17689
17690
17691
17695
17696
17699
17703
17705
17706
17707
17710
17711
17712
17713
17717
17718
17719
17725
17726
17727
17728
17729
17731
17733
17734
17735
17736
17737
17738
17739
17741
17743
17745
17747
17749
17751
17752
17755
17756
17758
17761
17764
17765
17767
17769
17770
17776
17778
17784
17785
17792
17795
17799
17803
17805
17808
17809
17810
17811
17813
17814
17815
17817
17821
17822
17824
17825
17826
17828
17830
17831
17832
17835
17838
17841
17843
17846
17847
17849
17852
17853
17855
17856
17858
17859
17862
17864
17865
17866
17869
17870
17871
17872
17873
17874
17875
17878
17880
17882
17883
17888
17891
17893
17899
17901
17902
17903
17905
17908
17909
17910
17912
17914
17915
17917
17919
17920
17926
17930
17932
17933
17934
17940
17942
17944
17946
17948
17950
17952
17953
17955
17956
17958
17959
17962
17963
17965
17970
17971
17972
17973
17974
17976
17977
17978
17980
17981
17982
17983
17984
17985
17987
17988
17992
17994
17996
17997
18002
18005
18007
18010
18011
18012
18013
18014
18015
18016
18018
18021
18031
18033
18035
18036
18037
18038
18039
18040
18041
18044
18045
18049
18051
18052
18054
18055
18056
18057
18062
18066
18069
18070
18071
18072
18074
18076
18077
18078
18079
18080
18082
18083
18085
18086
18087
18089
18090
18093
18094
18096
18098
18099
18100
18104
18107
18110
18111
18118
18119
18120
18124
18127
18130
18131
18134
18135
18141
18144
18146
18149
18150
18151
18155
18156
18157
18159
18160
18161
18169
18170
18171
18173
18174
18180
18181
18182
18183
18186
18188
18189
18190
18192
18196
18197
18198
18201
18202
18204
18205
18206
18207
18214
18216
18217
18218
18223
18224
18226
18229
18230
18233
18236
18239
18240
18243
18244
18245
18246
18247
18248
18250
18251
18252
18253
18254
18256
18257
18260
18261
18263
18264
18266
18267
18268
18269
18270
18272
18274
18275
18276
18277
18281
18282
18287
18288
18289
18292
18293
18295
18298
18300
18305
18306
18311
18312
18313
18319
18320
18321
18326
18329
18330
18333
18334
18339
18340
18341
18343
18344
18348
18352
18353
18354
18357
18358
18359
18360
18364
18365
18367
18369
18370
18371
18372
18373
18375
18379
18380
18382
18383
18385
18386
18388
18389
18394
18395
18396
18397
18398
18403
18405
18407
18408
18410
18412
18414
18415
18416
18424
18425
18427
18428
18429
18431
18434
18438
18442
18445
18446
18449
18453
18454
18457
18458
18462
18463
18464
18465
18467
18469
18474
18475
18476
18477
18478
18479
18481
18484
18485
18486
18487
18491
18493
18497
18498
18499
18501
18502
18505
18508
18509
18511
18514
18515
18519
18520
18522
18523
18528
18532
18534
18536
18539
18541
18544
18548
18551
18552
18554
18557
18558
18559
18561
18562
18563
18566
18567
18568
18574
18575
18577
18582
18584
18585
18590
18592
18593
18595
18596
18597
18599
18601
18602
18604
18605
18606
18608
18610
18611
18612
18613
18614
18618
18620
18624
18625
18626
18629
18630
18635
18636
18637
18641
18647
18648
18649
18651
18652
18653
18656
18657
18658
18659
18660
18662
18663
18665
18668
18669
18673
18674
18675
18677
18678
18681
18683
18685
18686
18689
18690
18695
18696
18698
18700
18701
18702
18703
18707
18708
18713
18717
18718
18719
18721
18723
18726
18727
18728
18730
18732
18733
18736
18737
18739
18740
18741
18744
18745
18746
18748
18750
18751
18752
18753
18755
18756
18757
18758
18759
18761
18762
18764
18766
18767
18768
18769
18770
18772
18773
18774
18775
18780
18781
18784
18785
18786
18788
18789
18791
18793
18794
18798
18800
18804
18805
18807
18808
18809
18811
18812
18813
18814
18818
18822
18824
18825
18827
18828
18831
18832
18833
18839
18840
18842
18843
18844
18846
18849
18850
18851
18853
18854
18855
18856
18858
18859
18860
18866
18868
18869
18871
18872
18877
18878
18879
18881
18883
18886
18887
18890
18891
18892
18896
18900
18902
18903
18904
18907
18908
18909
18911
18912
18913
18915
18916
18917
18920
18921
18922
18923
18925
18926
18927
18931
18932
18934
18935
18938
18946
18948
18949
18950
18952
18953
18957
18960
18962
18963
18966
18968
18969
18970
18972
18973
18974
18975
18977
18978
18980
18985
18986
18988
18991
18993
18994
18995
19000
19001
19003
19004
19007
19008
19014
19015
19018
19022
19023
19024
19025
19027
19028
19033
19035
19036
19037
19039
19042
19044
19045
19046
19047
19048
19051
19054
19055
19056
19057
19058
19060
19067
19069
19071
19072
19073
19074
19075
19076
19081
19082
19083
19084
19086
19088
19089
19093
19094
19102
19103
19106
19107
19108
19109
19111
19112
19114
19115
19116
19117
19118
19120
19123
19127
19128
19129
19130
19134
19135
19139
19142
19144
19145
19147
19154
19157
19158
19161
19165
19166
19169
19170
19172
19174
19175
19176
19177
19182
19183
19185
19190
19193
19197
19198
19200
19204
19210
19211
19212
19215
19216
19217
19220
19221
19223
19226
19227
19228
19230
19233
19235
19236
19237
19239
19240
19241
19242
19243
19245
19246
19249
19250
19251
19253
19254
19255
19256
19259
19261
19262
19263
19269
19270
19272
19277
19278
19279
19281
19282
19283
19286
19291
19292
19294
19296
19300
19301
19303
19304
19307
19309
19310
19311
19312
19315
19318
19322
19323
19324
19325
19329
19334
19337
19339
19340
19341
19342
19343
19348
19349
19352
19353
19355
19356
19357
19360
19364
19368
19369
19370
19371
19372
19374
19377
19378
19379
19380
19384
19385
19386
19387
19388
19390
19394
19395
19397
19399
19402
19403
19404
19408
19409
19411
19412
19414
19419
19421
19422
19423
19426
19427
19429
19430
19434
19436
19440
19445
19450
19451
19452
19454
19455
19456
19458
19459
19460
19464
19466
19467
19468
19469
19472
19474
19475
19476
19478
19480
19481
19483
19484
19486
19488
19490
19491
19493
19495
19496
19498
19499
19500
19501
19503
19504
19508
19509
19513
19516
19518
19519
19521
19524
19525
19526
19528
19531
19533
19537
19540
19541
19543
19544
19545
19546
19549
19551
19556
19557
19558
19561
19563
19567
19569
19570
19572
19573
19574
19581
19582
19583
19587
19589
19590
19591
19592
19595
19596
19598
19599
19601
19603
19606
19607
19610
19611
19612
19618
19619
19620
19622
19626
19627
19628
19630
19632
19633
19636
19639
19640
19643
19645
19646
19647
19648
19651
19655
19656
19657
19658
19659
19660
19661
19664
19665
19667
19670
19672
19677
19679
19680
19681
19685
19687
19688
19689
19692
19694
19697
19699
19700
19701
19702
19706
19707
19710
19711
19713
19714
19715
19716
19718
19721
19723
19726
19729
19730
19731
19732
19733
19735
19739
19742
19743
19745
19753
19754
19756
19757
19759
19761
19763
19764
19765
19767
19768
19769
19770
19773
19774
19775
19776
19777
19779
19781
19782
19787
19790
19791
19796
19797
19798
19799
19801
19804
19805
19808
19809
19810
19811
19812
19813
19816
19821
19823
19824
19826
19827
19828
19834
19835
19839
19840
19842
19846
19847
19848
19849
19853
19854
19856
19857
19860
19861
19862
19866
19867
19868
19870
19872
19874
19876
19879
19881
19885
19889
19890
19893
19895
19897
19898
19899
19902
19905
19907
19909
19910
19912
19914
19915
19916
19919
19920
19921
19922
19924
19925
19926
19929
19930
19932
19933
19934
19935
19938
19940
19942
19946
19947
19948
19949
19950
19951
19954
19955
19960
19961
19962
19963
19965
19966
19968
19971
19972
19973
19974
19975
19976
19977
19982
19985
19986
19987
19988
19989
19995
19997
19998
19999
20001
20002
20004
20006
20007
20008
20009
20010
20011
20013
20016
20017
20018
20020
20021
20024
20026
20027
20028
20029
20030
20031
20032
20033
20035
20038
20039
20040
20043
20049
20050
20051
20052
20053
20054
20055
20056
20057
20059
20062
20065
20066
20067
20068
20069
20070
20075
20077
20080
20085
20087
20094
20097
20101
20104
20106
20108
20109
20111
20113
20116
20120
20122
20123
20124
20128
20130
20132
20134
20137
20139
20140
20141
20142
20144
20146
20147
20149
20150
20152
20154
20155
20156
20158
20159
20166
20168
20170
20172
20176
20177
20178
20180
20182
20185
20186
20187
20189
20190
20192
20194
20196
20197
20198
20199
20203
20204
20208
20210
20213
20215
20218
20219
20221
20223
20224
20226
20230
20232
20233
20235
20237
20239
20240
20241
20244
20245
20247
20248
20253
20255
20260
20262
20263
20265
20268
20269
20272
20276
20277
20279
20281
20285
20290
20291
20292
20295
20297
20299
20302
20304
20305
20306
20310
20311
20313
20315
20316
20319
20321
20322
20323
20324
20325
20326
20328
20330
20331
20332
20333
20335
20336
20339
20341
20342
20344
20345
20349
20350
20352
20353
20354
20359
20361
20363
20364
20367
20368
20369
20370
20372
20373
20374
20384
20385
20386
20389
20393
20397
20398
20400
20401
20406
20407
20408
20410
20412
20415
20417
20418
20420
20421
20423
20424
20425
20427
20429
20432
20434
20435
20436
20439
20440
20441
20443
20444
20447
20448
20449
20455
20456
20459
20460
20463
20464
20466
20467
20468
20469
20476
20479
20481
20484
20487
20495
20498
20499
20500
20502
20503
20504
20505
20507
20508
20509
20510
20511
20512
20513
20515
20518
20520
20524
20529
20530
20531
20532
20533
20534
20535
20537
20538
20540
20543
20544
20548
20549
20550
20553
20557
20565
20566
20568
20571
20578
20579
20580
20581
20582
20584
20586
20587
20592
20593
20596
20599
20600
20603
20604
20608
20609
20612
20614
20615
20617
20619
20620
20623
20624
20625
20627
20628
20630
20631
20634
20637
20638
20639
20640
20641
20642
20644
20645
20648
20649
20651
20652
20653
20655
20658
20660
20661
20663
20667
20671
20673
20676
20680
20683
20686
20687
20688
20689
20690
20694
20696
20698
20700
20701
20702
20703
20704
20706
20707
20711
20712
20715
20716
20717
20724
20731
20736
20737
20739
20740
20741
20746
20747
20750
20751
20753
20754
20755
20756
20757
20759
20760
20763
20764
20767
20770
20772
20773
20776
20777
20780
20782
20783
20785
20790
20793
20796
20797
20800
20801
20806
20807
20810
20811
20812
20817
20818
20819
20820
20822
20823
20824
20825
20826
20829
20830
20833
20836
20843
20845
20846
20847
20849
20850
20854
20859
20860
20861
20862
20865
20869
20870
20874
20875
20876
20878
20880
20881
20889
20892
20893
20895
20898
20900
20901
20902
20903
20905
20906
20908
20910
20913
20915
20916
20922
20927
20928
20929
20930
20932
20935
20936
20938
20939
20940
20944
20946
20949
20951
20952
20954
20956
20959
20961
20962
20966
20968
20970
20971
20973
20975
20977
20978
20980
20982
20985
20986
20989
20991
20992
20994
20995
20996
20998
20999
21000
21001
21002
21003
21005
21007
21008
21010
21015
21016
21017
21022
21027
21032
21033
21034
21035
21037
21038
21041
21042
21043
21045
21051
21052
21053
21054
21055
21057
21059
21060
21061
21062
21064
21065
21066
21067
21072
21073
21077
21078
21079
21081
21083
21084
21085
21086
21087
21089
21090
21091
21093
21098
21099
21100
21101
21102
21104
21105
21107
21108
21111
21113
21115
21117
21119
21121
21123
21125
21128
21131
21136
21137
21139
21140
21143
21144
21147
21150
21152
21153
21155
21160
21161
21163
21164
21167
21168
21170
21172
21173
21174
21176
21178
21180
21181
21183
21187
21192
21197
21198
21199
21200
21204
21205
21207
21208
21209
21212
21213
21214
21218
21219
21221
21224
21225
21226
21228
21229
21233
21234
21236
21243
21246
21248
21249
21250
21255
21257
21258
21259
21262
21264
21265
21268
21270
21272
21274
21275
21279
21280
21281
21282
21283
21284
21285
21290
21291
21293
21299
21300
21301
21302
21304
21305
21306
21307
21309
21311
21312
21313
21318
21320
21322
21325
21327
21328
21330
21333
21334
21335
21336
21341
21342
21344
21345
21351
21353
21357
21361
21362
21364
21365
21367
21368
21369
21370
21372
21374
21375
21377
21379
21381
21382
21383
21386
21389
21391
21394
21396
21397
21398
21400
21404
21405
21406
21407
21410
21411
21416
21417
21425
21429
21430
21431
21432
21434
21435
21436
21438
21441
21442
21444
21446
21449
21450
21451
21456
21457
21461
21464
21465
21468
21469
21470
21471
21472
21475
21476
21479
21480
21481
21482
21483
21484
21486
21487
21488
21490
21491
21493
21496
21497
21500
21503
21504
21508
21511
21512
21513
21516
21517
21518
21519
21521
21524
21525
21530
21531
21532
21533
21535
21537
21538
21540
21541
21543
21544
21546
21548
21552
21553
21557
21560
21562
21564
21566
21568
21569
21571
21573
21575
21576
21578
21582
21584
21585
21587
21588
21589
21593
21594
21598
21601
21604
21606
21608
21610
21611
21615
21618
21619
21621
21622
21624
21626
21627
21628
21631
21633
21634
21635
21636
21639
21640
21642
21649
21653
21655
21656
21657
21659
21660
21664
21665
21666
21667
21669
21674
21676
21678
21679
21681
21682
21683
21686
21687
21689
21692
21694
21696
21697
21700
21701
21706
21707
21711
21713
21714
21715
21717
21718
21719
21722
21723
21725
21728
21730
21731
21732
21735
21736
21737
21738
21742
21743
21745
21748
21751
21752
21753
21757
21758
21759
21761
21762
21763
21766
21767
21768
21769
21772
21774
21781
21782
21786
21787
21788
21789
21790
21791
21793
21795
21798
21799
21800
21801
21804
21807
21809
21812
21815
21816
21819
21820
21821
21822
21823
21824
21828
21829
21831
21832
21834
21835
21836
21837
21838
21844
21847
21849
21850
21851
21852
21853
21854
21856
21858
21860
21862
21863
21864
21865
21866
21867
21868
21869
21870
21872
21875
21879
21880
21882
21883
21885
21887
21888
21889
21892
21894
21896
21901
21902
21904
21906
21907
21908
21917
21920
21921
21923
21925
21926
21930
21931
21933
21937
21938
21940
21943
21946
21951
21952
21957
21958
21960
21961
21964
21966
21968
21970
21973
21975
21978
21979
21982
21983
21984
21988
21989
21991
21993
21994
21999
22000
22001
22002
22003
22004
22005
22007
22008
22010
22011
22014
22015
22016
22017
22018
22022
22026
22029
22030
22031
22032
22033
22034
22038
22039
22040
22043
22047
22048
22049
22051
22052
22053
22054
22055
22056
22060
22065
22067
22068
22070
22071
22073
22077
22080
22081
22083
22084
22086
22089
22090
22091
22093
22094
22096
22097
22099
22100
22103
22105
22106
22107
22109
22110
22111
22114
22115
22116
22117
22118
22119
22120
22124
22125
22126
22127
22128
22129
22131
22132
22133
22135
22143
22144
22147
22149
22150
22151
22152
22153
22155
22156
22157
22158
22159
22165
22166
22170
22172
22176
22177
22178
22179
22181
22184
22185
22187
22188
22189
22192
22193
22194
22196
22197
22198
22199
22202
22203
22207
22208
22209
22215
22219
22220
22222
22224
22226
22228
22231
22233
22234
22235
22236
22237
22238
22239
22243
22244
22246
22251
22252
22253
22254
22255
22257
22258
22260
22261
22263
22264
22266
22267
22268
22270
22271
22272
22274
22275
22277
22278
22279
22280
22282
22285
22286
22287
22288
22289
22290
22291
22297
22299
22300
22301
22303
22304
22306
22307
22308
22309
22310
22312
22318
22324
22326
22327
22328
22329
22332
22333
22334
22338
22339
22341
22342
22343
22348
22350
22352
22354
22357
22361
22369
22371
22372
22378
22379
22380
22381
22382
22384
22385
22386
22387
22388
22389
22390
22391
22393
22394
22395
22396
22398
22399
22402
22404
22406
22408
22411
22413
22416
22417
22419
22420
22422
22425
22426
22427
22428
22429
22430
22440
22441
22443
22446
22447
22448
22449
22450
22455
22456
22458
22460
22461
22462
22466
22467
22468
22469
22470
22471
22476
22477
22478
22479
22483
22485
22486
22489
22492
22493
22495
22497
22499
22501
22503
22504
22505
22506
22507
22508
22514
22515
22516
22518
22524
22527
22529
22530
22534
22535
22538
22540
22542
22544
22545
22546
22547
22549
22551
22552
22553
22555
22559
22561
22562
22563
22565
22574
22575
22576
22579
22580
22582
22584
22586
22589
22594
22598
22601
22605
22606
22607
22608
22610
22613
22615
22617
22619
22621
22622
22625
22630
22632
22633
22635
22638
22639
22643
22644
22647
22649
22651
22653
22655
22659
22660
22663
22665
22666
22668
22670
22674
22676
22677
22679
22680
22681
22682
22684
22685
22687
22688
22693
22694
22696
22698
22699
22701
22702
22705
22707
22709
22714
22715
22716
22717
22718
22719
22720
22721
22725
22726
22727
22728
22730
22731
22732
22734
22735
22736
22737
22741
22742
22743
22744
22747
22749
22750
22751
22752
22754
22756
22760
22762
22763
22764
22767
22768
22775
22776
22780
22782
22783
22787
22788
22789
22792
22794
22795
22797
22798
22800
22802
22805
22807
22808
22810
22812
22813
22814
22815
22818
22820
22822
22823
22824
22825
22826
22827
22829
22830
22831
22832
22835
22836
22838
22839
22841
22842
22843
22844
22847
22851
22853
22856
22858
22860
22861
22862
22866
22871
22873
22874
22875
22878
22880
22881
22882
22888
22889
22891
22892
22893
22894
22897
22899
22900
22901
22906
22907
22909
22917
22918
22919
22923
22924
22925
22928
22930
22935
22937
22940
22944
22948
22949
22951
22953
22956
22957
22958
22959
22964
22967
22969
22970
22972
22973
22974
22975
22976
22977
22979
22980
22982
22984
22985
22987
22988
22990
22991
22998
23002
23005
23008
23010
23012
23013
23017
23018
23022
23023
23024
23025
23027
23029
23031
23035
23037
23039
23041
23042
23043
23044
23047
23049
23052
23054
23056
23057
23058
23059
23060
23063
23064
23065
23066
23067
23069
23071
23072
23074
23075
23079
23081
23083
23088
23089
23090
23095
23098
23104
23106
23109
23111
23113
23115
23118
23120
23122
23123
23124
23126
23127
23128
23130
23131
23137
23138
23139
23142
23143
23144
23145
23146
23147
23148
23150
23151
23152
23153
23154
23155
23157
23159
23160
23162
23165
23169
23170
23175
23176
23179
23182
23184
23185
23189
23192
23195
23198
23200
23203
23206
23207
23212
23215
23216
23223
23225
23226
23228
23229
23231
23233
23235
23237
23238
23239
23244
23249
23250
23255
23257
23258
23261
23262
23265
23266
23269
23270
23271
23272
23274
23278
23279
23280
23284
23285
23286
23288
23289
23290
23293
23294
23295
23297
23300
23304
23307
23308
23309
23311
23313
23316
23318
23319
23320
23321
23322
23325
23327
23329
23331
23332
23335
23344
23345
23348
23349
23350
23354
23355
23356
23357
23358
23359
23360
23362
23364
23366
23368
23370
23372
23374
23376
23377
23379
23380
23383
23384
23385
23386
23389
23391
23393
23394
23395
23396
23398
23399
23400
23402
23403
23406
23407
23408
23415
23420
23428
23432
23433
23434
23435
23436
23437
23438
23439
23445
23447
23448
23451
23453
23455
23456
23458
23459
23460
23462
23464
23465
23469
23470
23471
23472
23473
23476
23482
23484
23490
23491
23492
23494
23496
23498
23501
23503
23504
23506
23508
23510
23515
23516
23517
23519
23520
23521
23523
23524
23526
23527
23528
23529
23530
23532
23533
23534
23535
23536
23538
23542
23543
23547
23549
23552
23554
23555
23558
23560
23563
23564
23566
23567
23568
23572
23574
23576
23578
23579
23580
23581
23582
23584
23585
23586
23587
23588
23593
23594
23596
23597
23598
23602
23608
23610
23611
23613
23614
23616
23619
23620
23622
23623
23626
23629
23630
23631
23632
23634
23635
23637
23638
23640
23641
23643
23645
23649
23650
23651
23652
23653
23656
23661
23662
23663
23668
23669
23674
23676
23677
23678
23679
23685
23687
23689
23690
23691
23692
23695
23696
23697
23698
23701
23703
23706
23707
23709
23710
23711
23712
23713
23714
23716
23717
23721
23722
23723
23728
23729
23730
23732
23738
23739
23740
23741
23743
23748
23751
23753
23754
23755
23758
23759
23760
23765
23766
23770
23771
23774
23777
23778
23780
23782
23787
23788
23789
23792
23793
23794
23796
23800
23801
23802
23803
23806
23807
23808
23812
23815
23819
23820
23823
23825
23828
23831
23833
23835
23840
23842
23846
23848
23849
23850
23852
23856
23859
23860
23862
23864
23865
23867
23869
23873
23875
23878
23880
23881
23882
23883
23887
23888
23891
23892
23893
23896
23898
23899
23900
23903
23904
23907
23910
23911
23912
23913
23915
23919
23920
23921
23922
23930
23932
23933
23934
23935
23937
23938
23939
23941
23944
23946
23947
23953
23954
23956
23957
23958
23959
23960
23964
23966
23967
23970
23972
23976
23977
23978
23980
23982
23984
23985
23989
23990
23991
23993
23996
23998
24001
24002
24003
24004
24006
24009
24011
24017
24018
24019
24022
24025
24027
24029
24030
24033
24035
24037
24039
24040
24041
24044
24047
24049
24051
24053
24057
24063
24064
24065
24066
24069
24070
24072
24074
24076
24078
24079
24080
24081
24084
24085
24089
24090
24092
24094
24095
24097
24098
24105
24108
24111
24113
24115
24117
24119
24120
24121
24122
24123
24124
24125
24127
24128
24130
24132
24134
24138
24140
24142
24143
24146
24148
24152
24153
24154
24155
24164
24165
24166
24168
24171
24174
24175
24181
24182
24183
24184
24185
24188
24189
24190
24192
24194
24195
24196
24197
24201
24203
24206
24207
24208
24210
24211
24213
24214
24215
24221
24222
24223
24225
24226
24228
24229
24230
24231
24234
24236
24239
24243
24247
24249
24250
24251
24253
24254
24256
24257
24261
24262
24264
24265
24267
24268
24270
24272
24274
24275
24278
24279
24280
24284
24285
24287
24289
24291
24292
24293
24294
24295
24296
24297
24300
24302
24305
24306
24307
24313
24314
24316
24317
24318
24320
24321
24323
24324
24330
24331
24332
24333
24335
24336
24338
24339
24340
24345
24348
24350
24352
24354
24355
24360
24362
24367
24369
24372
24376
24379
24383
24384
24385
24392
24393
24394
24398
24399
24401
24404
24406
24408
24409
24413
24419
24420
24421
24427
24428
24431
24432
24433
24434
24435
24436
24437
24439
24443
24445
24446
24447
24448
24450
24451
24453
24455
24456
24461
24462
24464
24465
24466
24467
24469
24473
24474
24475
24478
24480
24483
24484
24485
24486
24487
24488
24489
24490
24491
24492
24493
24494
24495
24496
24498
24499
24502
24504
24506
24507
24513
24515
24519
24520
24522
24524
24525
24527
24528
24529
24530
24533
24535
24536
24538
24539
24541
24544
24545
24546
24549
24553
24555
24556
24558
24559
24560
24563
24564
24566
24570
24573
24574
24575
24580
24581
24582
24583
24584
24585
24586
24587
24591
24592
24593
24595
24596
24597
24600
24604
24605
24606
24607
24610
24614
24616
24619
24620
24621
24622
24623
24626
24627
24628
24629
24630
24631
24632
24636
24639
24643
24644
24645
24646
24647
24648
24649
24650
24652
24656
24659
24664
24666
24667
24669
24671
24675
24676
24678
24680
24684
24689
24690
24691
24692
24695
24696
24701
24704
24706
24708
24709
24710
24712
24713
24714
24715
24720
24723
24726
24729
24732
24736
24737
24738
24739
24740
24744
24745
24747
24748
24750
24751
24752
24753
24755
24756
24757
24758
24760
24761
24762
24765
24767
24768
24769
24771
24772
24774
24776
24777
24778
24779
24783
24788
24790
24793
24796
24800
24802
24803
24806
24807
24809
24810
24813
24814
24815
24817
24822
24823
24825
24827
24828
24831
24832
24834
24835
24836
24838
24840
24841
24843
24844
24846
24848
24849
24850
24852
24855
24856
24858
24862
24863
24865
24866
24868
24869
24870
24872
24873
24876
24877
24878
24879
24881
24882
24883
24886
24887
24890
24891
24892
24893
24896
24897
24900
24903
24909
24910
24912
24913
24914
24915
24917
24925
24926
24928
24929
24931
24933
24934
24936
24940
24943
24945
24946
24949
24951
24953
24954
24955
24960
24961
24962
24966
24967
24969
24971
24972
24973
24974
24980
24981
24983
24984
24989
24995
24997
24999
25000
25005
25007
25010
25011
25012
25013
25016
25019
25020
25021
25026
25027
25028
25029
25033
25034
25035
25036
25037
25040
25042
25043
25046
25048
25050
25051
25053
25054
25055
25056
25057
25062
25063
25064
25066
25067
25069
25076
25078
25079
25081
25084
25087
25091
25092
25094
25096
25097
25098
25100
25103
25107
25108
25112
25113
25114
25118
25122
25124
25127
25130
25131
25135
25136
25137
25139
25140
25143
25144
25145
25147
25148
25149
25150
25151
25152
25154
25156
25158
25159
25160
25163
25164
25165
25166
25174
25178
25181
25183
25184
25185
25188
25189
25190
25192
25195
25196
25198
25199
25202
25203
25206
25207
25211
25213
25214
25215
25219
25222
25223
25224
25225
25227
25228
25233
25235
25236
25239
25240
25241
25244
25246
25248
25249
25251
25253
25254
25257
25260
25262
25263
25265
25267
25270
25274
25277
25280
25281
25282
25283
25286
25287
25288
25292
25293
25294
25295
25296
25299
25301
25302
25303
25305
25306
25308
25309
25312
25313
25315
25321
25322
25323
25324
25325
25329
25332
25336
25339
25341
25344
25345
25346
25347
25348
25351
25354
25358
25362
25363
25364
25368
25369
25370
25371
25372
25375
25376
25378
25379
25380
25383
25387
25388
25390
25398
25403
25405
25407
25411
25412
25413
25416
25417
25418
25419
25421
25422
25424
25426
25427
25429
25430
25432
25433
25446
25447
25448
25450
25451
25454
25456
25457
25459
25464
25466
25473
25474
25476
25477
25481
25483
25484
25487
25488
25490
25491
25492
25496
25497
25499
25500
25502
25503
25505
25506
25508
25509
25511
25514
25515
25516
25518
25519
25520
25525
25527
25528
25530
25533
25535
25536
25537
25539
25540
25546
25547
25548
25549
25552
25553
25554
25556
25557
25565
25567
25569
25570
25571
25572
25577
25579
25581
25583
25584
25587
25588
25590
25593
25595
25596
25597
25600
25601
25602
25603
25604
25608
25611
25613
25614
25619
25621
25623
25627
25630
25632
25634
25635
25636
25637
25639
25641
25642
25644
25648
25652
25655
25660
25661
25662
25663
25664
25666
25668
25669
25671
25672
25674
25677
25679
25683
25685
25686
25687
25689
25690
25693
25694
25695
25698
25700
25705
25706
25707
25711
25712
25715
25717
25719
25720
25721
25722
25724
25725
25726
25727
25729
25731
25732
25734
25735
25736
25738
25740
25741
25742
25752
25756
25757
25760
25763
25765
25767
25769
25770
25773
25774
25775
25776
25777
25779
25781
25785
25794
25796
25798
25800
25801
25802
25806
25807
25808
25809
25811
25812
25813
25816
25819
25822
25823
25826
25827
25828
25830
25831
25833
25834
25835
25843
25847
25849
25854
25858
25859
25865
25869
25870
25871
25872
25873
25874
25876
25877
25879
25881
25882
25883
25885
25886
25890
25891
25892
25893
25896
25898
25901
25902
25904
25905
25910
25911
25912
25916
25918
25919
25923
25928
25929
25930
25932
25933
25935
25936
25938
25939
25940
25942
25944
25945
25946
25947
25948
25950
25951
25952
25955
25958
25961
25962
25963
25964
25965
25966
25967
25972
25974
25976
25977
25980
25981
25984
25986
25987
25988
25991
25992
25995
25997
25998
26000
26001
26002
26004
26005
26008
26010
26011
26012
26013
26014
26018
26022
26023
26024
26025
26028
26029
26031
26033
26037
26040
26041
26042
26045
26046
26047
26049
26052
26053
26057
26059
26060
26061
26065
26067
26068
26069
26072
26074
26079
26080
26083
26085
26087
26092
26093
26094
26096
26099
26102
26109
26110
26115
26116
26120
26122
26123
26125
26127
26129
26136
26137
26138
26139
26141
26142
26143
26144
26145
26149
26150
26152
26157
26159
26161
26162
26164
26166
26167
26169
26171
26173
26175
26176
26177
26178
26181
26182
26184
26185
26186
26188
26190
26191
26192
26193
26195
26197
26199
26203
26205
26206
26207
26208
26209
26212
26214
26216
26221
26222
26223
26224
26225
26228
26230
26232
26233
26234
26235
26238
26240
26241
26243
26244
26245
26247
26250
26253
26255
26256
26258
26259
26260
26262
26264
26266
26268
26269
26274
26275
26276
26277
26278
26284
26285
26287
26288
26289
26290
26291
26292
26293
26294
26296
26298
26302
26304
26306
26307
26308
26310
26311
26312
26313
26316
26318
26319
26321
26323
26326
26327
26329
26332
26333
26336
26340
26341
26344
26346
26348
26350
26353
26354
26355
26356
26357
26359
26361
26363
26364
26367
26370
26372
26374
26375
26377
26380
26382
26384
26386
26388
26390
26391
26392
26394
26397
26402
26405
26408
26409
26410
26411
26413
26415
26416
26420
26421
26422
26423
26424
26425
26426
26427
26428
26429
26433
26434
26435
26437
26438
26439
26441
26443
26447
26448
26449
26451
26452
26455
26457
26460
26463
26464
26465
26466
26469
26472
26473
26474
26478
26479
26481
26483
26485
26488
26490
26492
26495
26500
26501
26503
26504
26505
26506
26508
26511
26515
26516
26519
26521
26522
26526
26528
26531
26532
26533
26535
26537
26538
26539
26541
26548
26550
26551
26553
26554
26558
26559
26560
26563
26568
26569
26570
26571
26574
26575
26576
26577
26581
26583
26585
26588
26592
26599
26600
26601
26602
26603
26604
26605
26607
26608
26609
26612
26621
26624
26630
26631
26632
26633
26634
26635
26637
26638
26639
26642
26643
26645
26649
26652
26656
26658
26659
26660
26664
26665
26666
26667
26668
26671
26672
26674
26677
26684
26685
26687
26689
26690
26691
26692
26693
26694
26696
26697
26698
26699
26700
26701
26705
26706
26708
26710
26719
26722
26724
26726
26728
26729
26730
26733
26734
26736
26740
26742
26747
26750
26756
26757
26761
26762
26764
26768
26770
26772
26776
26778
26779
26781
26784
26785
26787
26789
26790
26791
26792
26793
26795
26797
26798
26799
26801
26802
26803
26805
26807
26808
26809
26810
26814
26815
26818
26819
26820
26822
26823
26829
26831
26832
26834
26836
26839
26843
26845
26850
26851
26852
26853
26854
26855
26857
26859
26860
26863
26864
26865
26868
26869
26872
26874
26875
26881
26883
26884
26889
26890
26898
26899
26900
26901
26903
26904
26906
26910
26911
26912
26913
26914
26915
26917
26918
26919
26920
26921
26922
26923
26924
26927
26930
26932
26934
26935
26936
26937
26938
26939
26942
26943
26944
26945
26946
26947
26949
26951
26952
26954
26957
26959
26962
26965
26967
26968
26971
26972
26973
26976
26978
26980
26981
26982
26983
26984
26986
26992
26993
26994
26997
26998
26999
27000
27003
27004
27005
27007
27009
27010
27013
27019
27020
27021
27022
27025
27028
27029
27030
27031
27032
27033
27034
27036
27037
27038
27040
27041
27045
27046
27048
27049
27051
27054
27056
27059
27062
27063
27064
27065
27066
27069
27070
27072
27073
27074
27076
27078
27079
27080
27082
27083
27084
27085
27091
27092
27095
27097
27098
27102
27105
27106
27107
27110
27111
27112
27113
27115
27117
27118
27119
27120
27121
27123
27124
27135
27136
27138
27140
27141
27142
27143
27145
27146
27147
27148
27149
27152
27155
27157
27158
27159
27160
27165
27167
27170
27172
27173
27177
27178
27180
27182
27187
27190
27192
27194
27196
27197
27198
27199
27205
27207
27208
27209
27211
27213
27215
27216
27217
27220
27221
27223
27227
27228
27231
27232
27233
27236
27237
27240
27242
27245
27246
27247
27248
27250
27251
27255
27256
27257
27260
27261
27263
27267
27268
27269
27270
27271
27273
27274
27277
27278
27279
27280
27282
27285
27286
27287
27290
27291
27293
27295
27296
27297
27299
27300
27305
27307
27308
27309
27310
27311
27312
27315
27316
27318
27320
27321
27324
27326
27327
27328
27329
27332
27334
27335
27337
27338
27339
27345
27347
27348
27350
27352
27356
27357
27358
27360
27366
27368
27370
27372
27375
27377
27379
27380
27381
27383
27384
27385
27387
27388
27389
27391
27393
27395
27401
27402
27405
27406
27407
27408
27411
27412
27414
27416
27417
27418
27419
27420
27421
27422
27424
27425
27428
27431
27433
27435
27436
27439
27440
27444
27445
27447
27448
27449
27450
27455
27459
27460
27461
27462
27463
27464
27465
27466
27470
27471
27472
27475
27476
27477
27478
27481
27482
27486
27487
27491
27493
27495
27497
27501
27503
27504
27508
27509
27510
27511
27514
27517
27518
27520
27522
27524
27525
27526
27528
27530
27531
27533
27534
27536
27537
27539
27542
27550
27552
27554
27555
27556
27560
27561
27562
27563
27564
27565
27566
27568
27569
27570
27572
27576
27579
27580
27581
27582
27584
27587
27588
27589
27591
27592
27594
27596
27597
27601
27602
27604
27606
27608
27612
27616
27618
27619
27620
27624
27625
27627
27628
27629
27630
27631
27634
27637
27638
27639
27640
27645
27650
27651
27652
27654
27658
27659
27660
27662
27663
27665
27668
27670
27672
27676
27677
27678
27679
27681
27683
27684
27685
27686
27687
27688
27689
27691
27692
27693
27694
27695
27696
27697
27698
27699
27700
27702
27703
27704
27707
27710
27711
27713
27717
27718
27719
27722
27723
27724
27727
27730
27732
27733
27742
27743
27744
27745
27747
27748
27757
27759
27760
27761
27763
27764
27765
27769
27771
27776
27778
27780
27781
27783
27786
27788
27791
27792
27794
27795
27796
27797
27798
27801
27802
27803
27804
27805
27807
27809
27810
27811
27813
27814
27818
27819
27820
27823
27824
27825
27826
27829
27831
27832
27835
27838
27840
27841
27842
27843
27844
27845
27846
27847
27848
27849
27850
27852
27855
27856
27860
27862
27863
27864
27868
27870
27871
27872
27875
27876
27878
27880
27881
27884
27886
27887
27889
27890
27893
27894
27897
27898
27900
27901
27903
27905
27911
27913
27915
27916
27917
27918
27922
27923
27928
27930
27931
27935
27936
27937
27938
27940
27941
27942
27943
27944
27946
27951
27955
27959
27960
27962
27963
27964
27966
27967
27969
27970
27972
27975
27977
27978
27982
27985
27986
27988
27989
27990
27991
27993
27994
27996
28009
28011
28014
28016
28018
28020
28024
28030
28033
28037
28039
28041
28042
28043
28044
28046
28048
28049
28052
28053
28054
28055
28056
28057
28059
28062
28066
28067
28068
28069
28074
28075
28076
28077
28078
28079
28082
28086
28091
28092
28093
28094
28095
28097
28101
28104
28112
28113
28114
28116
28120
28121
28124
28126
28128
28131
28132
28133
28134
28136
28138
28139
28141
28142
28144
28145
28146
28147
28148
28150
28156
28158
28164
28171
28172
28173
28175
28176
28177
28178
28179
28180
28181
28183
28185
28187
28191
28192
28195
28197
28198
28199
28200
28209
28210
28212
28213
28214
28215
28218
28219
28221
28222
28223
28224
28226
28227
28228
28229
28230
28231
28234
28235
28237
28239
28241
28244
28248
28249
28251
28252
28254
28255
28257
28259
28260
28264
28265
28266
28267
28274
28275
28277
28279
28282
28293
28294
28296
28297
28300
28302
28303
28307
28310
28311
28312
28313
28315
28317
28318
28320
28321
28327
28328
28330
28331
28332
28338
28341
28343
28344
28348
28349
28354
28356
28360
28361
28364
28365
28366
28368
28373
28374
28376
28382
28385
28386
28387
28388
28389
28392
28395
28396
28399
28402
28403
28405
28406
28407
28409
28410
28412
28414
28415
28416
28419
28422
28425
28426
28427
28428
28429
28430
28432
28434
28436
28438
28440
28441
28442
28445
28449
28450
28451
28452
28454
28456
28460
28461
28462
28468
28472
28473
28476
28477
28478
28482
28483
28493
28494
28495
28498
28499
28500
28501
28503
28505
28506
28507
28508
28509
28513
28515
28518
28519
28528
28534
28537
28538
28541
28543
28548
28549
28551
28553
28554
28555
28558
28560
28562
28563
28567
28569
28570
28573
28576
28577
28578
28580
28582
28584
28593
28594
28599
28602
28604
28605
28606
28607
28608
28609
28612
28613
28614
28615
28616
28617
28618
28621
28623
28625
28626
28627
28628
28630
28631
28632
28635
28636
28637
28638
28639
28647
28651
28653
28654
28655
28657
28659
28661
28663
28664
28665
28667
28668
28674
28675
28676
28678
28679
28680
28681
28682
28685
28686
28687
28689
28695
28696
28698
28700
28708
28711
28712
28713
28716
28717
28719
28720
28721
28722
28723
28724
28725
28726
28727
28728
28733
28734
28735
28737
28740
28741
28742
28746
28747
28748
28750
28751
28754
28755
28756
28757
28763
28766
28767
28768
28772
28778
28779
28780
28785
28787
28790
28792
28793
28794
28795
28796
28797
28798
28801
28803
28804
28806
28813
28814
28815
28816
28821
28823
28824
28826
28827
28828
28831
28832
28833
28836
28840
28841
28843
28844
28845
28847
28848
28850
28851
28852
28853
28855
28857
28858
28860
28862
28863
28864
28865
28869
28872
28874
28878
28882
28885
28891
28895
28898
28900
28902
28904
28905
28906
28907
28908
28911
28913
28914
28917
28919
28921
28924
28926
28928
28929
28933
28934
28938
28939
28941
28944
28946
28949
28950
28951
28954
28957
28958
28960
28961
28975
28977
28979
28981
28982
28984
28985
28990
28991
28992
28994
28997
28999
29003
29005
29009
29011
29014
29017
29020
29022
29023
29025
29026
29027
29030
29033
29034
29036
29037
29042
29043
29049
29052
29054
29056
29059
29060
29061
29062
29063
29067
29070
29071
29074
29075
29076
29077
29082
29083
29084
29086
29087
29088
29089
29091
29092
29093
29094
29096
29097
29099
29101
29104
29105
29106
29110
29111
29113
29116
29118
29120
29121
29128
29131
29135
29136
29137
29139
29140
29142
29145
29146
29147
29152
29153
29154
29156
29158
29159
29160
29163
29164
29165
29168
29171
29179
29180
29181
29183
29184
29185
29187
29188
29189
29193
29194
29195
29197
29199
29201
29203
29204
29206
29207
29211
29216
29217
29218
29222
29226
29227
29229
29230
29233
29237
29242
29243
29244
29246
29247
29248
29250
29252
29256
29257
29258
29259
29260
29262
29263
29265
29267
29269
29271
29276
29280
29283
29284
29285
29288
29289
29290
29292
29293
29295
29296
29298
29300
29302
29309
29311
29312
29316
29317
29318
29319
29320
29321
29322
29324
29328
29330
29332
29333
29335
29336
29338
29340
29342
29343
29345
29347
29351
29354
29356
29358
29362
29363
29365
29366
29368
29369
29370
29371
29374
29376
29379
29381
29385
29388
29392
29393
29394
29395
29396
29397
29399
29400
29401
29402
29404
29405
29407
29408
29411
29412
29413
29415
29417
29418
29419
29422
29423
29424
29426
29429
29431
29433
29434
29435
29437
29439
29440
29441
29444
29445
29447
29449
29450
29452
29455
29458
29460
29461
29462
29464
29465
29468
29469
29473
29475
29476
29477
29478
29479
29482
29484
29487
29490
29491
29494
29495
29497
29504
29505
29506
29507
29509
29510
29512
29514
29515
29517
29519
29525
29528
29529
29530
29534
29536
29537
29538
29540
29543
29548
29550
29552
29553
29554
29560
29561
29563
29564
29565
29567
29568
29569
29571
29572
29573
29578
29579
29580
29583
29585
29589
29593
29595
29596
29598
29600
29601
29603
29604
29608
29610
29611
29612
29613
29614
29621
29623
29624
29627
29628
29633
29638
29643
29644
29645
29646
29648
29649
29650
29651
29652
29654
29656
29657
29660
29661
29663
29664
29671
29672
29674
29676
29678
29682
29684
29688
29689
29690
29691
29695
29696
29707
29711
29714
29715
29717
29719
29721
29723
29724
29726
29727
29730
29731
29732
29733
29734
29737
29741
29744
29745
29749
29755
29762
29763
29765
29766
29770
29772
29775
29776
29777
29781
29782
29785
29789
29791
29794
29796
29797
29799
29800
29801
29802
29803
29810
29813
29816
29818
29820
29821
29822
29824
29825
29826
29827
29829
29831
29834
29836
29839
29840
29841
29843
29845
29846
29849
29850
29852
29853
29854
29856
29858
29860
29863
29864
29865
29866
29871
29872
29874
29876
29877
29879
29880
29883
29884
29886
29887
29888
29889
29891
29892
29895
29898
29905
29907
29909
29911
29912
29913
29916
29918
29920
29921
29922
29924
29925
29926
29927
29928
29933
29936
29937
29939
29941
29942
29943
29945
29946
29947
29949
29951
29953
29954
29955
29956
29959
29961
29963
29965
29968
29972
29973
29975
29976
29977
29978
29979
29980
29981
29982
29985
29986
29988
29989
29991
29992
29995
30000
30001
30002
30004
30011
30016
30017
30019
30020
30021
30024
30025
30026
30027
30028
30029
30031
30032
30036
30037
30041
30043
30045
30046
30050
30052
30057
30058
30059
30060
30064
30065
30066
30067
30068
30069
30070
30080
30083
30087
30089
30093
30094
30096
30099
30107
30109
30110
30113
30116
30117
30120
30122
30124
30128
30133
30134
30135
30138
30139
30140
30141
30144
30147
30148
30149
30150
30152
30153
30154
30157
30158
30160
30162
30165
30168
30169
30173
30174
30175
30179
30183
30185
30187
30189
30191
30192
30194
30197
30202
30203
30209
30211
30212
30214
30217
30221
30230
30232
30235
30237
30238
30239
30240
30242
30244
30250
30257
30258
30259
30260
30261
30262
30270
30271
30272
30274
30276
30278
30280
30281
30282
30283
30287
30288
30289
30290
30291
30292
30293
30294
30297
30301
30305
30306
30308
30310
30311
30313
30314
30315
30317
30318
30320
30321
30324
30325
30328
30330
30331
30332
30333
30334
30339
30340
30341
30342
30343
30346
30350
30351
30353
30354
30355
30357
30360
30367
30368
30369
30370
30371
30373
30377
30380
30381
30382
30383
30384
30386
30390
30391
30392
30393
30394
30395
30396
30398
30399
30401
30403
30406
30407
30408
30412
30413
30415
30416
30417
30418
30419
30421
30425
30426
30427
30428
30429
30430
30431
30432
30433
30434
30438
30439
30444
30446
30448
30449
30450
30451
30457
30458
30459
30461
30467
30468
30469
30470
30471
30475
30476
30480
30481
30482
30485
30486
30487
30488
30489
30493
30501
30502
30504
30505
30507
30508
30509
30511
30513
30514
30516
30517
30518
30520
30524
30525
30528
30531
30532
30534
30535
30537
30538
30547
30549
30554
30557
30558
30563
30565
30566
30567
30570
30571
30573
30575
30576
30577
30581
30582
30585
30590
30591
30595
30596
30600
30601
30602
30603
30605
30607
30609
30611
30612
30613
30614
30616
30617
30618
30621
30622
30624
30625
30627
30629
30630
30635
30641
30644
30651
30652
30654
30656
30658
30664
30666
30667
30668
30671
30673
30677
30678
30682
30683
30684
30685
30688
30689
30690
30691
30694
30695
30697
30699
30700
30701
30702
30703
30704
30707
30708
30709
30713
30716
30717
30718
30720
30722
30725
30729
30730
30731
30732
30733
30735
30736
30738
30739
30740
30745
30746
30749
30751
30755
30756
30758
30759
30763
30766
30770
30771
30773
30774
30775
30777
30778
30779
30781
30783
30786
30788
30790
30791
30792
30793
30794
30795
30796
30798
30799
30801
30802
30804
30805
30807
30811
30812
30814
30815
30816
30818
30820
30822
30823
30825
30827
30828
30830
30833
30834
30837
30839
30840
30843
30844
30848
30849
30850
30851
30852
30855
30862
30863
30864
30865
30868
30869
30871
30873
30874
30878
30881
30882
30884
30885
30888
30889
30893
30894
30895
30899
30900
30902
30903
30905
30906
30910
30911
30913
30914
30915
30916
30917
30919
30920
30921
30922
30923
30925
30927
30928
30931
30933
30937
30941
30942
30944
30945
30947
30948
30949
30951
30952
30954
30955
30958
30960
30961
30962
30969
30976
30978
30979
30982
30983
30984
30988
30993
30994
30997
30999
31001
31003
31005
31008
31009
31014
31016
31017
31020
31022
31023
31026
31027
31028
31032
31034
31036
31037
31041
31042
31047
31052
31053
31054
31055
31056
31068
31069
31070
31071
31072
31079
31081
31084
31086
31089
31090
31093
31095
31097
31100
31102
31104
31107
31108
31109
31114
31115
31116
31117
31119
31120
31122
31125
31126
31127
31128
31129
31130
31131
31132
31133
31135
31137
31138
31140
31141
31142
31143
31144
31145
31151
31152
31153
31154
31159
31162
31163
31164
31166
31167
31169
31171
31172
31173
31174
31175
31176
31177
31180
31182
31183
31184
31186
31187
31193
31194
31195
31196
31197
31198
31202
31209
31210
31212
31213
31214
31216
31219
31220
31221
31224
31227
31229
31231
31233
31234
31237
31238
31239
31242
31244
31245
31248
31249
31254
31257
31259
31260
31262
31267
31269
31270
31273
31274
31275
31278
31281
31282
31283
31284
31286
31287
31288
31290
31292
31293
31294
31296
31299
31300
31303
31304
31306
31310
31313
31315
31316
31318
31322
31328
31329
31332
31338
31339
31340
31341
31343
31344
31345
31347
31348
31351
31355
31358
31359
31362
31363
31364
31366
31367
31369
31370
31371
31375
31376
31379
31380
31381
31383
31385
31386
31388
31389
31390
31391
31392
31395
31396
31398
31400
31403
31404
31405
31407
31408
31409
31414
31415
31417
31418
31420
31422
31425
31426
31429
31430
31432
31435
31436
31437
31438
31439
31440
31441
31442
31444
31446
31447
31448
31450
31456
31457
31461
31462
31466
31468
31472
31479
31480
31482
31483
31484
31485
31486
31487
31489
31490
31491
31492
31494
31495
31497
31501
31503
31504
31506
31507
31508
31511
31513
31514
31515
31518
31520
31526
31527
31528
31529
31530
31533
31540
31542
31545
31546
31547
31548
31549
31553
31557
31559
31561
31563
31565
31570
31571
31575
31576
31577
31578
31581
31582
31585
31589
31591
31592
31593
31594
31595
31597
31599
31600
31601
31602
31603
31604
31605
31606
31607
31608
31609
31610
31611
31612
31619
31620
31626
31628
31629
31633
31636
31641
31642
31643
31647
31648
31651
31654
31656
31659
31662
31665
