1
2
4
8
9
10
17
21
24
25
28
29
32
34
39
40
41
45
47
48
50
52
55
57
58
59
63
66
67
73
75
76
78
81
82
83
84
85
88
90
93
95
96
99
100
101
103
104
106
107
109
110
111
112
113
115
117
118
124
126
131
132
133
136
138
139
141
144
148
151
156
157
158
161
162
163
166
167
169
170
171
173
175
178
181
182
184
185
189
190
193
194
197
199
205
206
209
212
215
218
219
221
222
223
225
227
228
229
230
232
233
236
237
239
244
247
248
249
253
257
258
260
262
263
267
275
276
280
284
285
287
288
292
299
301
303
305
308
309
312
313
320
321
322
325
328
329
330
332
333
334
336
337
339
340
341
342
344
346
347
350
351
352
362
363
367
370
371
373
374
376
378
379
381
382
384
386
388
395
396
397
398
400
402
403
404
406
407
408
409
410
412
413
414
418
419
421
427
430
431
438
439
440
446
447
448
449
451
453
454
459
464
469
470
472
478
479
482
483
484
485
486
488
489
492
493
494
495
496
499
500
501
506
507
508
512
515
519
520
521
523
524
526
527
529
530
531
534
535
545
546
552
557
558
559
561
563
564
566
568
569
572
573
574
575
577
578
579
582
583
584
585
593
594
598
599
600
603
605
607
611
614
615
616
621
622
627
632
633
635
637
638
639
640
643
646
647
652
654
655
659
662
670
674
675
676
680
684
685
686
687
690
696
697
699
701
702
704
705
707
711
713
718
720
721
722
723
726
727
728
731
733
734
735
737
738
740
743
745
746
747
750
755
756
761
763
764
767
769
770
772
773
774
776
778
779
780
781
782
783
785
786
793
795
797
799
802
803
804
806
808
809
810
811
812
814
815
817
820
821
823
824
827
828
829
830
831
832
836
838
842
843
844
845
847
850
853
856
858
860
862
868
871
876
878
879
880
881
882
883
885
889
891
896
898
901
903
904
905
906
912
915
917
918
920
921
923
924
925
926
927
933
934
937
939
943
947
950
952
953
954
956
958
960
963
964
965
967
968
971
972
978
979
980
983
984
985
987
988
989
990
993
997
998
1001
1002
1004
1005
1007
1009
1010
1013
1015
1019
1021
1022
1024
1026
1028
1031
1037
1038
1042
1045
1049
1052
1053
1054
1056
1061
1062
1064
1067
1068
1069
1070
1071
1072
1076
1077
1079
1081
1083
1084
1085
1088
1089
1091
1093
1099
1100
1104
1106
1108
1110
1112
1115
1116
1118
1119
1123
1125
1126
1127
1128
1129
1131
1132
1136
1137
1139
1140
1142
1144
1149
1150
1151
1152
1154
1155
1156
1157
1158
1162
1163
1166
1167
1169
1173
1175
1177
1181
1182
1186
1187
1192
1195
1198
1199
1201
1205
1208
1209
1211
1212
1214
1215
1217
1218
1219
1220
1221
1222
1230
1231
1232
1233
1234
1237
1242
1244
1248
1249
1250
1251
1258
1260
1261
1262
1268
1270
1271
1274
1275
1279
1285
1289
1293
1305
1306
1309
1310
1311
1312
1313
1315
1316
1317
1321
1322
1323
1324
1325
1326
1328
1330
1337
1338
1340
1341
1342
1343
1344
1345
1346
1347
1352
1353
1354
1355
1356
1358
1360
1361
1364
1365
1367
1368
1371
1373
1375
1377
1379
1383
1390
1392
1393
1394
1395
1396
1397
1398
1399
1401
1402
1404
1407
1408
1410
1411
1414
1415
1416
1417
1418
1419
1420
1426
1428
1431
1432
1433
1434
1435
1438
1439
1440
1441
1449
1454
1459
1460
1461
1464
1465
1468
1469
1474
1475
1477
1478
1480
1481
1483
1484
1485
1487
1488
1492
1494
1495
1497
1498
1505
1506
1507
1511
1512
1514
1516
1517
1518
1519
1521
1526
1528
1534
1535
1537
1538
1541
1542
1543
1544
1545
1546
1549
1550
1551
1554
1557
1559
1560
1561
1562
1563
1567
1569
1571
1572
1581
1582
1583
1585
1587
1588
1589
1590
1591
1599
1600
1602
1604
1607
1608
1609
1613
1614
1615
1616
1617
1621
1622
1623
1624
1625
1626
1628
1629
1631
1633
1635
1636
1640
1641
1643
1645
1647
1648
1649
1651
1652
1653
1655
1657
1658
1659
1660
1665
1667
1670
1674
1675
1676
1678
1679
1683
1684
1686
1687
1688
1689
1690
1692
1694
1695
1697
1698
1699
1703
1704
1708
1709
1710
1714
1717
1718
1723
1724
1727
1728
1730
1731
1737
1738
1742
1745
1746
1747
1750
1752
1755
1757
1760
1763
1766
1767
1768
1769
1770
1775
1777
1778
1779
1780
1781
1783
1784
1787
1788
1793
1794
1796
1800
1804
1805
1816
1820
1821
1823
1825
1826
1827
1830
1834
1837
1840
1841
1842
1845
1847
1848
1849
1850
1851
1855
1856
1857
1861
1863
1864
1869
1871
1873
1874
1878
1881
1883
1885
1887
1889
1891
1893
1895
1897
1899
1902
1905
1907
1915
1919
1920
1922
1923
1925
1927
1930
1931
1935
1939
1940
1941
1942
1944
1945
1946
1949
1950
1953
1954
1955
1956
1966
1967
1969
1972
1973
1975
1976
1977
1978
1980
1986
1988
1989
1990
1993
1998
1999
2000
2001
2002
2003
2004
2005
2007
2009
2011
2012
2016
2018
2020
2025
2026
2028
2031
2032
2033
2034
2037
2040
2041
2043
2048
2049
2052
2054
2055
2058
2059
2060
2062
2063
2064
2065
2066
2068
2070
2071
2073
2076
2080
2081
2083
2085
2087
2088
2095
2096
2098
2100
2101
2103
2104
2108
2109
2110
2115
2117
2122
2123
2125
2127
2128
2129
2130
2131
2132
2136
2137
2138
2139
2140
2141
2143
2145
2147
2148
2155
2156
2158
2162
2163
2164
2167
2168
2169
2171
2172
2173
2177
2178
2182
2189
2190
2191
2193
2195
2196
2197
2198
2199
2201
2203
2204
2205
2207
2210
2212
2213
2214
2216
2218
2219
2221
2226
2228
2231
2232
2234
2236
2240
2241
2242
2243
2246
2248
2254
2258
2259
2260
2261
2269
2270
2275
2276
2278
2279
2280
2286
2287
2291
2294
2296
2299
2301
2303
2304
2305
2309
2311
2312
2314
2317
2319
2322
2323
2324
2325
2329
2330
2333
2337
2339
2342
2347
2349
2351
2353
2355
2357
2358
2359
2362
2363
2366
2370
2371
2374
2375
2376
2377
2378
2379
2380
2382
2383
2384
2386
2389
2390
2391
2400
2402
2405
2407
2408
2410
2411
2415
2421
2424
2425
2426
2428
2430
2433
2436
2437
2438
2442
2443
2444
2447
2448
2450
2451
2452
2453
2456
2464
2465
2468
2469
2472
2473
2474
2475
2476
2477
2478
2479
2483
2484
2486
2488
2489
2493
2494
2495
2496
2497
2498
2499
2505
2506
2508
2510
2512
2513
2514
2517
2519
2520
2524
2526
2527
2528
2529
2531
2532
2533
2534
2536
2538
2539
2540
2542
2543
2547
2548
2549
2552
2556
2558
2559
2560
2563
2566
2567
2568
2569
2570
2571
2572
2574
2576
2579
2581
2582
2583
2589
2590
2593
2595
2596
2599
2602
2609
2610
2611
2612
2613
2614
2616
2617
2618
2621
2624
2625
2626
2627
2630
2631
2633
2634
2635
2636
2638
2639
2641
2646
2650
2652
2654
2655
2657
2667
2668
2669
2670
2672
2676
2678
2679
2680
2682
2683
2684
2687
2690
2694
2695
2696
2697
2698
2701
2704
2706
2710
2714
2715
2716
2717
2720
2721
2722
2723
2724
2728
2729
2731
2732
2733
2736
2737
2738
2739
2740
2741
2745
2746
2748
2752
2755
2757
2758
2759
2761
2763
2765
2766
2767
2768
2769
2770
2775
2776
2777
2779
2782
2787
2788
2791
2792
2793
2794
2797
2798
2799
2801
2803
2804
2805
2806
2807
2812
2817
2818
2820
2824
2825
2828
2832
2835
2836
2837
2839
2844
2845
2850
2851
2853
2856
2857
2858
2862
2863
2865
2870
2871
2876
2877
2880
2881
2882
2883
2885
2886
2887
2888
2889
2890
2891
2897
2900
2902
2904
2906
2907
2912
2913
2914
2916
2917
2918
2921
2924
2926
2927
2928
2929
2931
2933
2936
2939
2942
2943
2944
2945
2946
2947
2950
2951
2952
2954
2956
2957
2960
2963
2966
2969
2970
2971
2973
2974
2975
2976
2977
2980
2984
2985
2987
2988
2989
2990
2991
2993
2994
2996
3000
3001
3002
3003
3005
3006
3008
3009
3011
3012
3015
3017
3020
3023
3026
3027
3028
3032
3039
3041
3043
3044
3045
3046
3049
3050
3052
3053
3056
3057
3059
3060
3062
3065
3067
3068
3070
3071
3072
3076
3077
3084
3086
3088
3089
3091
3096
3098
3103
3105
3106
3108
3109
3110
3112
3115
3117
3118
3120
3123
3125
3126
3129
3132
3133
3134
3139
3140
3142
3145
3146
3150
3151
3152
3155
3158
3159
3160
3162
3163
3164
3169
3173
3176
3178
3182
3187
3188
3189
3191
3196
3198
3200
3201
3202
3206
3208
3209
3211
3212
3214
3215
3218
3222
3223
3226
3227
3228
3231
3232
3233
3234
3235
3236
3241
3243
3244
3245
3246
3248
3249
3253
3255
3257
3258
3259
3260
3263
3264
3265
3267
3268
3269
3273
3279
3280
3283
3284
3286
3289
3290
3291
3293
3300
3305
3306
3307
3310
3312
3313
3319
3320
3321
3324
3327
3328
3330
3331
3333
3334
3338
3339
3340
3341
3342
3343
3345
3346
3347
3348
3353
3355
3357
3359
3360
3361
3362
3363
3364
3365
3366
3368
3371
3372
3373
3377
3378
3379
3388
3391
3394
3395
3396
3397
3399
3401
3402
3403
3404
3405
3406
3407
3408
3410
3411
3413
3414
3415
3416
3417
3418
3422
3423
3424
3425
3426
3430
3431
3432
3435
3436
3441
3442
3443
3444
3445
3449
3450
3451
3452
3456
3457
3459
3460
3465
3466
3474
3475
3477
3479
3481
3484
3485
3486
3489
3491
3493
3496
3497
3498
3499
3502
3506
3510
3512
3515
3516
3518
3520
3521
3522
3523
3524
3526
3531
3533
3536
3539
3540
3544
3545
3546
3547
3548
3551
3554
3556
3557
3560
3561
3566
3567
3568
3571
3574
3575
3576
3577
3579
3581
3583
3585
3586
3588
3590
3592
3593
3594
3595
3597
3599
3605
3606
3607
3608
3609
3610
3612
3615
3617
3619
3620
3627
3629
3630
3631
3632
3634
3635
3642
3643
3646
3647
3648
3649
3650
3652
3653
3655
3656
3662
3663
3664
3665
3666
3668
3670
3672
3673
3676
3677
3678
3679
3682
3683
3685
3689
3690
3691
3693
3696
3697
3698
3699
3701
3702
3704
3707
3709
3711
3713
3714
3720
3722
3724
3725
3727
3730
3731
3732
3738
3739
3740
3741
3745
3747
3749
3754
3755
3757
3761
3762
3763
3764
3765
3766
3767
3768
3772
3773
3776
3777
3781
3783
3785
3786
3787
3788
3791
3792
3793
3796
3801
3802
3803
3804
3806
3807
3808
3810
3813
3815
3819
3820
3821
3822
3823
3824
3828
3829
3830
3831
3832
3834
3835
3838
3840
3841
3842
3843
3847
3848
3852
3854
3855
3856
3861
3863
3864
3869
3875
3876
3877
3879
3883
3884
3886
3888
3891
3898
3899
3901
3902
3903
3904
3905
3906
3907
3909
3910
3913
3915
3917
3922
3923
3927
3930
3931
3932
3933
3934
3936
3937
3938
3939
3940
3941
3944
3945
3946
3948
3951
3952
3953
3955
3956
3958
3966
3967
3968
3969
3970
3973
3975
3976
3984
3986
3987
3988
3989
3990
3995
3996
3997
4000
4003
4004
4007
4008
4009
4010
4015
4018
4019
4020
4021
4024
4026
4029
4031
4034
4036
4037
4040
4041
4042
4043
4046
4047
4049
4052
4053
4054
4056
4057
4058
4061
4062
4063
4064
4065
4067
4069
4070
4071
4072
4073
4074
4075
4080
4082
4086
4087
4088
4091
4092
4094
4096
4097
4099
4100
4102
4106
4107
4109
4111
4112
4114
4117
4118
4120
4122
4124
4125
4126
4127
4128
4130
4132
4134
4137
4143
4146
4153
4161
4164
4166
4167
4170
4171
4173
4176
4181
4184
4186
4187
4188
4191
4192
4196
4197
4200
4204
4205
4211
4213
4215
4216
4218
4220
4223
4224
4227
4228
4231
4237
4238
4239
4240
4241
4242
4245
4246
4248
4249
4250
4252
4255
4257
4258
4259
4260
4261
4262
4264
4268
4269
4272
4273
4275
4276
4277
4278
4279
4280
4282
4283
4286
4288
4289
4293
4295
4298
4299
4301
4302
4303
4304
4309
4312
4314
4315
4318
4319
4320
4322
4323
4324
4326
4330
4331
4333
4335
4339
4340
4342
4343
4344
4345
4347
4348
4350
4352
4353
4356
4357
4364
4367
4371
4375
4377
4378
4379
4381
4383
4384
4387
4390
4394
4396
4397
4398
4399
4400
4402
4407
4411
4414
4417
4418
4420
4421
4422
4423
4424
4427
4428
4431
4432
4433
4434
4437
4438
4443
4444
4445
4446
4447
4448
4450
4451
4453
4458
4461
4462
4467
4469
4470
4471
4472
4473
4474
4476
4478
4480
4483
4484
4486
4488
4490
4491
4492
4493
4495
4496
4499
4505
4506
4507
4509
4510
4512
4514
4516
4517
4520
4521
4522
4523
4524
4526
4530
4531
4534
4536
4537
4539
4540
4541
4543
4545
4548
4549
4550
4552
4553
4554
4556
4557
4558
4559
4561
4563
4564
4565
4571
4572
4575
4576
4577
4582
4583
4584
4587
4593
4596
4606
4608
4612
4614
4615
4616
4618
4619
4620
4621
4622
4624
4627
4628
4629
4632
4637
4638
4642
4644
4647
4650
4656
4658
4659
4661
4662
4663
4664
4665
4667
4669
4670
4675
4676
4677
4680
4682
4684
4688
4691
4692
4693
4695
4700
4701
4702
4704
4705
4706
4707
4709
4710
4711
4715
4717
4721
4725
4727
4730
4731
4732
4733
4734
4736
4738
4739
4740
4744
4746
4750
4753
4754
4755
4756
4757
4759
4761
4762
4764
4766
4771
4773
4774
4775
4777
4780
4783
4785
4787
4789
4792
4794
4795
4798
4800
4802
4803
4804
4806
4809
4812
4814
4815
4817
4821
4822
4824
4825
4829
4830
4833
4839
4840
4841
4843
4846
4847
4848
4852
4853
4855
4856
4860
4863
4865
4866
4868
4869
4870
4873
4874
4877
4879
4880
4882
4883
4884
4885
4886
4898
4901
4904
4905
4908
4911
4915
4917
4919
4920
4924
4925
4928
4932
4936
4937
4941
4942
4944
4945
4949
4950
4951
4953
4955
4957
4959
4960
4961
4962
4963
4965
4968
4974
4975
4978
4985
4988
4989
4991
4994
4997
4999
5003
5005
5006
5009
5011
5013
5014
5016
5017
5018
5019
5020
5022
5023
5025
5026
5027
5029
5032
5035
5040
5042
5046
5047
5048
5049
5050
5053
5056
5061
5062
5064
5066
5067
5070
5071
5072
5073
5074
5075
5077
5079
5081
5082
5083
5090
5097
5098
5104
5105
5106
5109
5114
5115
5116
5119
5120
5122
5123
5125
5127
5129
5130
5132
5133
5134
5138
5139
5141
5143
5150
5154
5156
5157
5159
5167
5168
5169
5174
5176
5178
5179
5181
5183
5184
5185
5187
5189
5190
5192
5193
5194
5198
5199
5200
5202
5205
5207
5208
5210
5211
5213
5220
5221
5227
5228
5230
5232
5238
5239
5240
5241
5243
5244
5248
5251
5252
5253
5255
5257
5258
5259
5260
5261
5263
5265
5268
5270
5271
5272
5273
5274
5275
5279
5283
5284
5288
5289
5291
5294
5296
5299
5301
5302
5304
5305
5306
5307
5308
5309
5311
5312
5314
5315
5316
5320
5322
5323
5324
5330
5332
5333
5334
5336
5338
5339
5341
5342
5343
5344
5350
5351
5354
5361
5363
5364
5365
5367
5368
5372
5373
5374
5375
5377
5378
5379
5381
5382
5384
5387
5388
5389
5390
5392
5397
5399
5400
5402
5403
5404
5406
5407
5408
5409
5411
5416
5417
5418
5421
5422
5423
5426
5431
5435
5437
5438
5440
5441
5442
5444
5445
5446
5447
5450
5451
5452
5454
5455
5456
5459
5461
5462
5463
5464
5465
5468
5469
5470
5474
5475
5476
5479
5483
5484
5485
5486
5488
5489
5492
5497
5498
5501
5504
5505
5507
5508
5509
5510
5511
5512
5513
5515
5517
5521
5522
5525
5526
5528
5529
5532
5535
5537
5539
5540
5545
5546
5550
5553
5556
5558
5561
5563
5565
5567
5569
5570
5571
5572
5573
5574
5575
5579
5581
5586
5592
5593
5600
5602
5608
5609
5610
5611
5612
5614
5616
5618
5620
5622
5623
5625
5626
5631
5633
5636
5638
5640
5641
5642
5643
5646
5648
5651
5652
5653
5654
5655
5656
5657
5658
5659
5660
5661
5662
5664
5665
5666
5670
5674
5675
5676
5677
5678
5679
5682
5684
5686
5688
5690
5691
5692
5694
5701
5703
5704
5705
5706
5708
5713
5714
5715
5718
5719
5720
5721
5722
5723
5724
5727
5728
5731
5733
5734
5736
5737
5740
5741
5743
5746
5748
5750
5754
5756
5758
5760
5765
5767
5769
5770
5772
5773
5774
5777
5779
5783
5785
5787
5789
5790
5791
5792
5793
5794
5797
5798
5799
5800
5802
5804
5806
5808
5809
5810
5814
5819
5821
5822
5823
5825
5826
5828
5829
5830
5831
5833
5834
5835
5837
5839
5841
5844
5845
5846
5848
5849
5850
5851
5855
5857
5860
5861
5863
5867
5869
5870
5871
5874
5876
5879
5880
5881
5882
5883
5885
5888
5889
5892
5893
5894
5895
5896
5897
5898
5899
5901
5903
5905
5907
5908
5909
5910
5912
5914
5919
5920
5921
5922
5923
5925
5927
5928
5929
5930
5933
5934
5938
5943
5944
5946
5947
5948
5951
5952
5954
5955
5956
5958
5965
5966
5967
5969
5970
5971
5973
5974
5975
5976
5980
5981
5985
5987
5991
5994
5997
6003
6004
6006
6009
6013
6014
6017
6019
6020
6023
6026
6028
6029
6030
6033
6036
6037
6038
6045
6046
6050
6052
6055
6057
6058
6059
6060
6061
6063
6064
6066
6070
6071
6076
6077
6079
6081
6082
6083
6086
6090
6091
6094
6095
6098
6100
6103
6104
6105
6106
6107
6108
6109
6110
6111
6112
6114
6116
6117
6118
6126
6130
6134
6136
6137
6138
6139
6141
6143
6148
6153
6154
6157
6159
6160
6162
6164
6166
6171
6172
6173
6174
6176
6177
6178
6179
6180
6182
6184
6185
6186
6187
6188
6189
6193
6194
6195
6196
6199
6202
6204
6205
6207
6210
6211
6214
6218
6219
6221
6223
6226
6227
6230
6236
6239
6240
6241
6243
6244
6251
6255
6258
6261
6265
6267
6268
6269
6270
6271
6273
6274
6276
6277
6279
6280
6282
6284
6285
6287
6288
6289
6295
6296
6297
6298
6299
6300
6301
6302
6303
6304
6305
6310
6312
6315
6316
6318
6322
6323
6324
6328
6334
6335
6339
6341
6344
6345
6347
6348
6350
6352
6354
6356
6357
6360
6362
6366
6367
6373
6379
6386
6387
6388
6389
6393
6394
6396
6397
6398
6399
6402
6403
6405
6406
6407
6411
6412
6414
6415
6416
6417
6419
6421
6425
6427
6428
6429
6431
6432
6434
6435
6436
6438
6440
6441
6443
6447
6449
6454
6456
6459
6460
6461
6462
6471
6474
6475
6476
6477
6478
6481
6485
6486
6487
6488
6489
6490
6491
6492
6493
6494
6495
6497
6498
6499
6502
6503
6504
6507
6510
6513
6515
6516
6517
6518
6524
6525
6526
6527
6528
6531
6532
6536
6537
6546
6547
6551
6553
6554
6556
6557
6559
6560
6562
6565
6566
6567
6569
6570
6571
6572
6573
6574
6575
6577
6580
6581
6583
6584
6588
6591
6595
6596
6597
6599
6602
6604
6608
6610
6612
6615
6616
6617
6618
6619
6621
6623
6625
6626
6627
6628
6631
6632
6634
6635
6636
6637
6638
6640
6641
6642
6645
6646
6648
6649
6652
6653
6655
6656
6657
6659
6660
6661
6665
6666
6668
6669
6670
6672
6673
6674
6675
6676
6677
6679
6682
6684
6685
6686
6689
6690
6692
6693
6696
6697
6699
6702
6703
6704
6707
6708
6710
6711
6712
6713
6714
6715
6717
6718
6720
6725
6730
6731
6733
6734
6735
6736
6737
6739
6740
6742
6743
6746
6748
6749
6753
6754
6756
6761
6762
6764
6766
6769
6770
6772
6777
6781
6782
6783
6785
6789
6790
6791
6792
6796
6797
6799
6801
6806
6808
6809
6810
6812
6813
6814
6816
6818
6819
6825
6826
6827
6832
6833
6837
6838
6840
6841
6842
6843
6844
6845
6846
6847
6848
6849
6853
6854
6855
6856
6858
6859
6861
6863
6867
6868
6869
6871
6872
6873
6874
6875
6877
6881
6883
6884
6885
6887
6888
6889
6890
6893
6895
6896
6898
6899
6900
6904
6906
6907
6908
6910
6911
6914
6916
6919
6920
6925
6926
6927
6930
6931
6932
6938
6940
6942
6943
6945
6946
6948
6949
6950
6951
6953
6957
6964
6965
6969
6975
6978
6979
6981
6982
6985
6987
6988
6989
6991
6992
6993
6994
6995
6998
6999
7002
7004
7007
7008
7011
7013
7016
7017
7021
7024
7025
7029
7033
7034
7035
7036
7039
7040
7041
7044
7045
7051
7053
7055
7057
7058
7060
7064
7068
7071
7075
7076
7077
7080
7082
7084
7085
7086
7087
7089
7090
7092
7093
7098
7100
7101
7102
7105
7106
7107
7112
7113
7114
7116
7117
7119
7120
7121
7123
7124
7125
7126
7129
7133
7135
7139
7140
7141
7147
7149
7150
7152
7156
7159
7160
7161
7162
7164
7165
7168
7170
7171
7172
7174
7175
7180
7181
7182
7183
7185
7191
7192
7194
7195
7198
7199
7200
7201
7204
7205
7209
7210
7211
7216
7217
7219
7223
7226
7232
7233
7234
7237
7239
7241
7242
7243
7244
7245
7246
7247
7248
7249
7251
7253
7254
7255
7257
7259
7260
7261
7262
7264
7268
7271
7274
7275
7276
7277
7280
7281
7282
7285
7286
7290
7292
7293
7294
7295
7296
7297
7300
7301
7303
7306
7307
7308
7309
7311
7312
7313
7316
7317
7318
7319
7321
7322
7324
7325
7329
7330
7331
7332
7333
7337
7338
7341
7343
7344
7347
7349
7351
7353
7355
7359
7362
7364
7365
7366
7367
7368
7369
7372
7373
7374
7375
7379
7383
7384
7385
7389
7390
7391
7392
7393
7397
7399
7401
7402
7404
7405
7406
7408
7411
7412
7417
7418
7421
7424
7425
7426
7428
7436
7438
7439
7440
7441
7443
7445
7447
7448
7449
7451
7452
7453
7454
7455
7459
7460
7461
7464
7466
7467
7470
7471
7472
7473
7474
7476
7477
7478
7480
7481
7482
7483
7484
7487
7488
7492
7493
7494
7495
7496
7497
7499
7500
7501
7505
7508
7512
7515
7516
7520
7521
7522
7524
7525
7528
7529
7530
7531
7537
7538
7540
7541
7544
7547
7548
7549
7551
7556
7557
7558
7561
7562
7563
7565
7566
7567
7568
7574
7578
7583
7584
7588
7591
7593
7594
7598
7599
7600
7601
7602
7604
7606
7607
7609
7612
7616
7617
7619
7625
7627
7628
7631
7632
7633
7634
7638
7639
7640
7641
7642
7643
7645
7646
7651
7652
7654
7657
7659
7662
7664
7665
7667
7671
7673
7675
7676
7677
7678
7679
7680
7682
7686
7687
7689
7690
7692
7694
7698
7699
7700
7705
7707
7709
7711
7714
7717
7720
7721
7723
7725
7727
7728
7729
7731
7733
7738
7740
7741
7742
7743
7748
7758
7760
7761
7762
7763
7764
7767
7770
7771
7772
7780
7781
7782
7784
7786
7788
7794
7795
7797
7798
7799
7800
7802
7803
7804
7810
7812
7816
7817
7819
7820
7821
7822
7824
7826
7827
7828
7833
7835
7836
7837
7838
7839
7840
7843
7844
7845
7849
7850
7851
7854
7855
7861
7862
7863
7867
7869
7871
7873
7875
7876
7877
7878
7879
7887
7888
7891
7893
7896
7899
7900
7902
7904
7905
7906
7908
7909
7910
7912
7913
7914
7915
7916
7917
7919
7920
7921
7923
7926
7929
7930
7932
7933
7936
7937
7939
7941
7943
7945
7946
7947
7949
7951
7952
7954
7958
7959
7960
7963
7964
7965
7967
7968
7970
7971
7973
7979
7981
7982
7987
7990
7991
7996
8000
8002
8011
8012
8014
8017
8018
8019
8024
8027
8029
8031
8032
8033
8035
8036
8038
8042
8043
8045
8046
8047
8048
8051
8053
8055
8057
8059
8060
8064
8066
8067
8068
8069
8072
8073
8075
8076
8077
8078
8080
8084
8085
8086
8087
8088
8089
8092
8095
8097
8098
8099
8103
8109
8110
8111
8112
8113
8114
8115
8116
8119
8121
8122
8124
8125
8127
8134
8135
8136
8137
8138
8139
8140
8142
8146
8148
8149
8151
8158
8160
8162
8163
8164
8165
8166
8168
8170
8172
8173
8174
8175
8176
8178
8179
8180
8181
8182
8183
8184
8186
8187
8188
8189
8191
8192
8193
8194
8195
8196
8202
8203
8205
8206
8207
8209
8210
8211
8215
8216
8217
8218
8222
8223
8225
8226
8227
8237
8238
8242
8245
8250
8252
8253
8256
8257
8258
8259
8261
8263
8264
8265
8267
8268
8269
8270
8273
8274
8278
8280
8286
8288
8290
8291
8294
8295
8296
8297
8298
8301
8302
8306
8309
8310
8315
8317
8318
8320
8321
8324
8326
8328
8329
8331
8333
8335
8337
8339
8343
8345
8347
8348
8351
8353
8357
8358
8360
8363
8366
8367
8368
8373
8375
8377
8379
8380
8381
8383
8384
8385
8387
8388
8390
8392
8400
8401
8402
8403
8413
8416
8417
8418
8421
8423
8436
8438
8440
8447
8449
8450
8453
8454
8456
8457
8458
8459
8460
8465
8466
8468
8470
8472
8473
8478
8481
8486
8487
8488
8490
8491
8492
8494
8496
8498
8499
8500
8503
8507
8508
8509
8510
8513
8514
8515
8519
8520
8522
8524
8525
8526
8527
8529
8530
8531
8533
8534
8535
8536
8538
8539
8540
8541
8549
8552
8553
8554
8557
8558
8559
8560
8564
8567
8569
8570
8573
8576
8579
8580
8581
8583
8586
8587
8588
8595
8596
8597
8598
8601
8602
8603
8608
8611
8613
8614
8615
8616
8618
8619
8620
8621
8622
8624
8627
8628
8630
8632
8633
8635
8637
8644
8650
8651
8652
8653
8654
8655
8660
8664
8666
8670
8672
8676
8677
8680
8682
8684
8690
8691
8693
8694
8696
8702
8703
8704
8707
8715
8716
8718
8719
8722
8723
8724
8726
8727
8728
8729
8732
8733
8738
8740
8742
8746
8747
8751
8754
8755
8757
8759
8760
8761
8762
8763
8764
8765
8766
8771
8772
8774
8778
8779
8782
8784
8785
8786
8787
8791
8792
8793
8794
8795
8796
8797
8798
8801
8802
8803
8805
8807
8808
8809
8812
8816
8817
8818
8821
8823
8827
8828
8829
8830
8832
8834
8835
8836
8837
8838
8839
8841
8849
8857
8858
8859
8861
8863
8866
8868
8869
8870
8872
8873
8874
8877
8880
8881
8882
8883
8887
8889
8890
8891
8894
8897
8900
8902
8903
8904
8905
8906
8907
8911
8912
8913
8915
8916
8917
8919
8921
8922
8923
8924
8925
8927
8928
8932
8933
8935
8936
8940
8941
8942
8944
8945
8946
8947
8948
8951
8952
8953
8956
8957
8959
8960
8963
8964
8965
8966
8967
8968
8970
8971
8973
8975
8977
8978
8979
8982
8985
8986
8988
8990
8993
8996
8998
9000
9003
9004
9007
9010
9011
9012
9013
9014
9015
9017
9021
9024
9027
9028
9029
9032
9033
9034
9036
9038
9040
9043
9046
9047
9049
9050
9053
9054
9055
9056
9058
9060
9064
9065
9066
9067
9068
9070
9072
9074
9075
9080
9081
9083
9086
9089
9091
9092
9097
9099
9100
9101
9102
9103
9106
9107
9108
9113
9114
9116
9117
9122
9123
9125
9127
9129
9135
9136
9140
9141
9144
9145
9146
9147
9150
9152
9154
9155
9156
9157
9164
9165
9168
9170
9172
9174
9176
9178
9180
9183
9186
9187
9190
9194
9195
9197
9199
9200
9203
9205
9206
9207
9209
9210
9211
9212
9216
9218
9219
9220
9221
9222
9223
9224
9228
9229
9231
9232
9234
9238
9243
9244
9245
9246
9248
9252
9254
9255
9256
9264
9265
9266
9270
9271
9272
9273
9278
9279
9280
9281
9283
9284
9286
9288
9290
9292
9294
9299
9301
9302
9303
9304
9309
9311
9312
9316
9319
9322
9323
9324
9325
9327
9328
9330
9331
9333
9338
9339
9343
9348
9349
9350
9351
9353
9354
9355
9356
9359
9360
9361
9363
9365
9366
9373
9376
9378
9387
9391
9392
9393
9401
9402
9403
9405
9406
9408
9409
9413
9417
9423
9425
9429
9431
9437
9438
9439
9441
9443
9445
9450
9451
9452
9453
9459
9461
9471
9472
9473
9475
9478
9481
9482
9483
9484
9485
9488
9490
9491
9492
9498
9501
9502
9503
9504
9507
9508
9510
9511
9512
9516
9517
9518
9519
9522
9523
9524
9525
9526
9527
9530
9535
9537
9541
9543
9546
9547
9548
9549
9550
9554
9556
9558
9559
9562
9563
9564
9567
9568
9569
9571
9573
9575
9577
9578
9580
9581
9582
9586
9587
9588
9589
9592
9596
9597
9598
9599
9602
9604
9605
9607
9608
9611
9613
9614
9615
9616
9620
9621
9622
9637
9639
9642
9643
9646
9650
9651
9652
9654
9655
9658
9659
9660
9661
9662
9663
9665
9671
9672
9676
9679
9680
9681
9682
9683
9684
9685
9687
9691
9696
9699
9700
9702
9703
9707
9708
9709
9710
9712
9713
9715
9716
9717
9718
9721
9725
9728
9732
9733
9739
9740
9741
9743
9744
9747
9748
9749
9752
9754
9756
9760
9762
9763
9765
9767
9768
9771
9773
9775
9776
9779
9781
9782
9786
9788
9790
9793
9794
9798
9801
9803
9804
9806
9808
9811
9812
9813
9814
9815
9816
9821
9822
9823
9824
9825
9826
9827
9835
9836
9837
9838
9839
9841
9843
9847
9848
9849
9851
9852
9853
9854
9856
9858
9859
9862
9863
9867
9868
9869
9870
9871
9872
9873
9874
9876
9880
9882
9884
9885
9886
9887
9889
9890
9893
9894
9898
9899
9900
9901
9902
9903
9906
9908
9911
9913
9915
9916
9917
9922
9926
9928
9929
9932
9933
9934
9935
9936
9937
9938
9939
9941
9944
9949
9951
9952
9956
9962
9963
9964
9967
9971
9972
9973
9978
9980
9983
9984
9988
9989
9990
9991
9992
9993
9994
9996
9997
9998
9999
10000
10002
10003
10004
10005
10006
10007
10009
10010
10011
10013
10016
10017
10020
10022
10026
10027
10028
10029
10033
10036
10039
10040
10041
10043
10049
10051
10052
10054
10056
10059
10060
10061
10064
10066
10067
10068
10070
10076
10077
10078
10081
10083
10086
10090
10091
10092
10093
10096
10098
10104
10105
10106
10107
10111
10113
10114
10115
10116
10117
10120
10122
10124
10127
10130
10131
10132
10133
10134
10135
10137
10138
10139
10140
10149
10150
10155
10157
10158
10162
10163
10164
10165
10166
10167
10169
10170
10172
10174
10175
10177
10179
10181
10183
10184
10185
10188
10189
10191
10192
10193
10196
10197
10198
10199
10200
10202
10203
10204
10209
10210
10211
10213
10216
10217
10218
10220
10225
10227
10232
10234
10237
10238
10240
10242
10245
10247
10251
10253
10254
10255
10256
10257
10258
10263
10265
10266
10267
10269
10274
10276
10277
10278
10279
10280
10281
10282
10286
10287
10289
10290
10291
10292
10293
10295
10298
10299
10300
10301
10302
10304
10307
10311
10314
10318
10319
10321
10323
10324
10325
10328
10329
10334
10336
10342
10345
10346
10347
10348
10349
10350
10351
10353
10355
10356
10358
10359
10360
10361
10362
10366
10368
10373
10376
10379
10380
10382
10385
10393
10394
10396
10397
10398
10402
10403
10408
10410
10411
10412
10416
10418
10420
10421
10422
10423
10424
10427
10428
10430
10433
10437
10438
10439
10440
10444
10445
10447
10448
10449
10450
10452
10455
10457
10458
10460
10462
10463
10465
10466
10468
10470
10473
10475
10476
10478
10479
10481
10482
10489
10493
10495
10496
10497
10498
10499
10501
10502
10504
10506
10509
10510
10511
10512
10515
10518
10520
10522
10524
10525
10531
10532
10535
10536
10540
10545
10547
10551
10554
10557
10563
10564
10565
10568
10569
10571
10572
10575
10576
10578
10584
10587
10591
10596
10597
10599
10601
10602
10605
10606
10608
10609
10610
10612
10614
10617
10618
10621
10623
10626
10629
10631
10632
10634
10635
10636
10637
10638
10641
10642
10645
10646
10647
10649
10651
10652
10653
10657
10660
10663
10665
10666
10670
10671
10674
10675
10676
10678
10679
10681
10683
10685
10686
10687
10689
10690
10691
10692
10694
10696
10697
10699
10701
10704
10707
10708
10709
10710
10711
10713
10715
10720
10721
10722
10723
10724
10725
10726
10727
10729
10732
10736
10737
10739
10740
10742
10743
10745
10746
10748
10749
10751
10753
10760
10761
10762
10767
10769
10771
10774
10775
10777
10778
10779
10782
10783
10784
10785
10787
10788
10789
10790
10791
10793
10799
10800
10802
10803
10805
10807
10809
10811
10813
10814
10816
10817
10818
10819
10820
10824
10826
10827
10828
10831
10832
10837
10838
10839
10842
10844
10846
10848
10850
10853
10855
10857
10860
10863
10864
10865
10866
10867
10870
10872
10873
10878
10879
10881
10882
10883
10884
10886
10888
10889
10890
10892
10894
10895
10896
10898
10899
10901
10904
10907
10908
10909
10914
10915
10918
10920
10925
10927
10929
10931
10932
10933
10937
10938
10939
10940
10941
10942
10943
10944
10946
10947
10948
10951
10954
10955
10956
10959
10961
10964
10967
10969
10970
10976
10977
10981
10985
10987
10988
10990
10991
10992
10993
10995
10997
11001
11004
11007
11012
11013
11015
11017
11020
11022
11023
11025
11026
11029
11030
11031
11032
11033
11034
11036
11037
11038
11040
11041
11043
11047
11049
11050
11051
11052
11055
11057
11059
11061
11063
11065
11067
11071
11073
11074
11076
11077
11078
11079
11082
11084
11085
11086
11087
11088
11089
11090
11094
11095
11097
11099
11101
11105
11106
11109
11110
11111
11112
11115
11116
11118
11119
11122
11123
11124
11127
11128
11132
11133
11135
11137
11139
11144
11145
11152
11153
11154
11156
11158
11160
11162
11165
11166
11167
11168
11170
11173
11174
11175
11183
11185
11186
11187
11188
11190
11192
11193
11196
11197
11198
11199
11200
11204
11205
11207
11212
11215
11218
11219
11220
11221
11223
11225
11229
11233
11234
11235
11236
11237
11242
11243
11244
11245
11246
11248
11253
11257
11259
11260
11262
11263
11264
11265
11266
11267
11269
11270
11273
11274
11278
11280
11281
11283
11286
11289
11290
11291
11292
11293
11294
11295
11300
11302
11303
11304
11306
11307
11311
11313
11314
11316
11319
11321
11322
11323
11325
11327
11329
11330
11331
11334
11335
11337
11339
11340
11341
11343
11344
11346
11349
11350
11352
11355
11356
11360
11361
11365
11366
11369
11374
11375
11376
11377
11378
11379
11380
11382
11383
11385
11389
11392
11394
11395
11396
11398
11399
11403
11405
11406
11407
11411
11413
11418
11419
11421
11422
11423
11426
11427
11428
11429
11430
11432
11434
11436
11437
11440
11442
11444
11446
11448
11452
11457
11458
11459
11460
11461
11466
11467
11468
11470
11472
11474
11475
11477
11478
11480
11484
11486
11490
11493
11495
11496
11497
11499
11500
11502
11504
11505
11506
11509
11510
11512
11513
11514
11515
11518
11520
11521
11527
11528
11529
11530
11532
11533
11534
11536
11537
11538
11541
11542
11543
11544
11546
11547
11548
11552
11555
11558
11560
11562
11563
11566
11568
11569
11572
11573
11575
11576
11577
11580
11581
11584
11591
11592
11595
11596
11597
11599
11600
11603
11604
11608
11611
11612
11615
11616
11620
11623
11624
11625
11627
11628
11629
11630
11631
11632
11634
11639
11642
11643
11645
11646
11647
11648
11650
11651
11652
11653
11654
11655
11656
11658
11659
11660
11665
11666
11667
11668
11669
11673
11674
11675
11676
11679
11681
11682
11688
11689
11690
11692
11695
11696
11702
11703
11706
11707
11709
11710
11711
11713
11716
11717
11720
11721
11725
11727
11728
11729
11730
11731
11732
11733
11734
11736
11740
11741
11742
11743
11744
11745
11748
11749
11754
11756
11760
11761
11762
11763
11765
11766
11767
11768
11769
11770
11771
11774
11775
11779
11780
11783
11784
11785
11786
11787
11789
11792
11793
11796
11797
11803
11805
11806
11809
11811
11812
11814
11815
11816
11817
11818
11820
11821
11822
11827
11828
11829
11832
11833
11834
11836
11839
11840
11843
11844
11845
11848
11849
11851
11855
11857
11858
11859
11861
11863
11864
11865
11866
11869
11870
11871
11873
11874
11875
11876
11877
11880
11884
11887
11888
11891
11901
11903
11904
11905
11907
11908
11909
11913
11916
11918
11919
11922
11923
11924
11926
11928
11929
11930
11937
11939
11940
11942
11945
11946
11948
11949
11951
11952
11954
11955
11959
11961
11962
11963
11965
11969
11971
11974
11975
11976
11979
11982
11984
11985
11986
11988
11990
11991
11992
11997
11998
12000
12001
12003
12007
12009
12011
12014
12015
12019
12020
12024
12025
12027
12028
12031
12032
12033
12034
12036
12038
12039
12041
12044
12049
12050
12051
12053
12054
12055
12058
12059
12060
12063
12064
12065
12068
12069
12070
12071
12074
12076
12077
12078
12080
12081
12082
12083
12088
12090
12091
12092
12095
12096
12098
12099
12101
12104
12105
12107
12109
12110
12111
12112
12113
12115
12116
12118
12120
12121
12123
12124
12126
12127
12128
12130
12131
12133
12136
12138
12141
12142
12147
12149
12150
12154
12158
12159
12160
12163
12164
12166
12173
12176
12177
12179
12183
12186
12188
12189
12193
12194
12198
12199
12201
12202
12203
12205
12207
12208
12209
12212
12218
12220
12223
12226
12227
12228
12229
12230
12231
12233
12235
12239
12240
12242
12243
12245
12246
12248
12249
12252
12255
12256
12261
12262
12264
12267
12270
12273
12274
12275
12277
12280
12281
12282
12285
12287
12288
12292
12293
12296
12298
12300
12302
12303
12305
12306
12307
12309
12310
12311
12312
12317
12318
12320
12321
12324
12326
12327
12328
12330
12331
12332
12335
12336
12338
12339
12340
12342
12345
12348
12350
12351
12352
12353
12356
12357
12359
12360
12362
12365
12366
12369
12374
12377
12379
12382
12383
12385
12386
12393
12394
12397
12399
12400
12401
12404
12405
12406
12408
12411
12412
12413
12415
12417
12418
12421
12422
12423
12424
12425
12429
12432
12433
12434
12435
12438
12441
12447
12448
12449
12453
12454
12455
12456
12458
12460
12464
12465
12466
12467
12468
12469
12470
12471
12473
12474
12483
12494
12495
12499
12501
12502
12506
12507
12508
12509
12512
12515
12517
12520
12522
12525
12526
12527
12529
12535
12537
12538
12540
12541
12544
12549
12553
12555
12556
12557
12558
12561
12563
12564
12565
12566
12572
12573
12575
12576
12577
12579
12582
12585
12587
12593
12594
12595
12596
12598
12599
12602
12603
12607
12608
12610
12611
12614
12615
12616
12619
12620
12622
12626
12627
12629
12634
12637
12645
12649
12650
12656
12660
12662
12664
12666
12669
12672
12673
12675
12676
12677
12678
12679
12681
12682
12683
12687
12688
12695
12696
12697
12700
12701
12712
12713
12715
12720
12721
12724
12725
12728
12732
12733
12734
12738
12741
12746
12748
12753
12754
12755
12756
12757
12759
12762
12766
12769
12771
12776
12777
12778
12780
12781
12782
12783
12784
12787
12789
12792
12795
12798
12802
12803
12806
12807
12811
12812
12813
12814
12817
12818
12819
12820
12825
12826
12829
12831
12832
12833
12834
12837
12838
12840
12841
12842
12844
12845
12847
12852
12853
12854
12855
12857
12858
12862
12865
12866
12870
12871
12875
12879
12881
12883
12884
12885
12888
12890
12891
12893
12895
12897
12899
12900
12902
12903
12905
12906
12907
12908
12909
12911
12912
12914
12919
12920
12921
12922
12923
12924
12926
12933
12944
12946
12947
12949
12950
12951
12952
12953
12954
12956
12957
12958
12959
12962
12963
12966
12969
12970
12976
12978
12984
12986
12987
12988
12989
12990
12992
12993
12996
12997
13001
13002
13004
13005
13008
13010
13011
13013
13014
13017
13018
13021
13022
13024
13026
13030
13032
13035
13037
13039
13043
13044
13047
13050
13051
13052
13053
13054
13055
13056
13058
13059
13060
13061
13062
13063
13064
13066
13067
13068
13071
13073
13074
13075
13076
13078
13079
13080
13083
13087
13089
13090
13092
13093
13096
13099
13100
13102
13103
13111
13112
13120
13124
13127
13131
13133
13137
13138
13140
13141
13142
13144
13146
13147
13149
13150
13151
13152
13153
13154
13156
13161
13162
13164
13165
13166
13168
13169
13170
13171
13172
13173
13174
13175
13176
13177
13179
13180
13183
13187
13189
13190
13191
13193
13195
13196
13202
13205
13207
13209
13211
13212
13213
13214
13215
13216
13217
13220
13221
13223
13227
13229
13230
13232
13233
13236
13237
13238
13240
13241
13242
13243
13245
13246
13247
13249
13251
13252
13255
13262
13263
13264
13266
13268
13269
13270
13271
13272
13273
13274
13275
13276
13277
13278
13279
13281
13282
13283
13288
13290
13291
13295
13297
13299
13300
13301
13302
13303
13305
13309
13310
13311
13314
13316
13317
13318
13319
13320
13321
13322
13325
13332
13336
13337
13340
13345
13346
13347
13348
13351
13352
13354
13356
13357
13360
13361
13363
13364
13365
13367
13370
13373
13374
13375
13376
13378
13380
13381
13382
13383
13384
13385
13386
13388
13389
13390
13397
13398
13399
13400
13401
13403
13405
13406
13407
13408
13410
13412
13415
13416
13417
13418
13419
13421
13422
13424
13425
13427
13429
13430
13433
13435
13437
13438
13439
13442
13444
13445
13449
13452
13453
13455
13460
13462
13463
13464
13465
13470
13471
13472
13479
13480
13481
13482
13483
13484
13486
13487
13488
13491
13492
13494
13495
13498
13499
13500
13503
13504
13506
13507
13508
13509
13511
13513
13514
13516
13518
13519
13520
13521
13522
13523
13525
13529
13531
13532
13533
13534
13535
13537
13543
13545
13546
13549
13550
13552
13555
13558
13559
13561
13562
13566
13571
13572
13575
13579
13580
13581
13582
13583
13587
13588
13598
13599
13603
13605
13606
13608
13610
13612
13614
13616
13618
13621
13623
13624
13626
13630
13633
13641
13643
13644
13647
13648
13649
13650
13652
13654
13655
13656
13657
13658
13659
13660
13661
13662
13663
13666
13667
13668
13671
13672
13673
13676
13679
13681
13682
13684
13685
13686
13691
13693
13694
13695
13696
13697
13701
13703
13704
13705
13707
13708
13711
13712
13715
13716
13717
13718
13719
13723
13726
13728
13731
13734
13736
13739
13740
13741
13743
13744
13747
13748
13751
13752
13753
13755
13756
13759
13760
13762
13766
13767
13768
13771
13774
13775
13776
13777
13779
13780
13784
13785
13787
13789
13790
13796
13799
13802
13804
13809
13812
13814
13815
13819
13821
13822
13823
13826
13827
13828
13829
13831
13832
13834
13837
13839
13841
13842
13843
13844
13846
13850
13851
13853
13855
13857
13859
13864
13865
13866
13867
13870
13871
13872
13875
13876
13880
13885
13887
13890
13891
13892
13895
13897
13899
13901
13903
13906
13909
13910
13911
13913
13915
13916
13918
13919
13920
13921
13923
13929
13932
13933
13937
13938
13942
13943
13944
13946
13947
13949
13950
13951
13952
13953
13954
13956
13963
13965
13966
13971
13972
13975
13976
13979
13980
13981
13984
13985
13987
13988
13989
13990
13992
13993
13994
13998
14001
14002
14006
14008
14009
14010
14013
14014
14015
14020
14021
14022
14024
14026
14027
14029
14030
14032
14035
14036
14037
14042
14043
14045
14047
14052
14053
14056
14058
14059
14060
14063
14064
14066
14067
14068
14069
14071
14072
14075
14076
14077
14080
14081
14082
14083
14085
14088
14090
14092
14094
14095
14096
14097
14098
14100
14102
14104
14107
14108
14109
14110
14113
14114
14115
14117
14118
14119
14120
14121
14122
14125
14127
14130
14131
14132
14134
14136
14137
14143
14144
14146
14148
14150
14152
14154
14158
14159
14160
14163
14164
14165
14166
14167
14168
14171
14174
14178
14179
14183
14184
14185
14188
14191
14192
14194
14195
14201
14203
14206
14209
14210
14211
14212
14215
14216
14218
14219
14221
14223
14225
14226
14227
14233
14234
14235
14236
14239
14241
14244
14245
14246
14247
14248
14249
14251
14255
14256
14257
14259
14262
14263
14265
14266
14267
14268
14269
14270
14271
14272
14273
14274
14276
14278
14279
14281
14282
14288
14289
14290
14292
14293
14295
14297
14303
14304
14305
14307
14308
14311
14312
14313
14318
14324
14326
14327
14331
14332
14337
14338
14339
14340
14343
14344
14345
14347
14351
14359
14360
14361
14362
14365
14368
14369
14371
14372
14374
14375
14378
14380
14381
14382
14384
14385
14386
14388
14389
14390
14393
14394
14395
14396
14401
14403
14404
14405
14414
14415
14416
14418
14422
14423
14424
14425
14427
14432
14434
14435
14437
14439
14441
14442
14445
14449
14451
14457
14458
14459
14462
14464
14468
14470
14471
14472
14476
14477
14480
14481
14482
14486
14487
14491
14492
14493
14494
14496
14497
14498
14499
14507
14509
14511
14513
14515
14516
14519
14521
14522
14523
14524
14525
14526
14528
14530
14539
14540
14542
14546
14552
14555
14557
14559
14560
14562
14564
14565
14566
14567
14568
14569
14570
14573
14574
14576
14577
14581
14582
14583
14584
14585
14586
14588
14590
14595
14597
14602
14606
14607
14608
14610
14614
14616
14618
14619
14621
14623
14627
14629
14630
14631
14635
14639
14640
14642
14643
14650
14652
14653
14654
14657
14659
14661
14665
14666
14667
14668
14669
14670
14673
14674
14675
14676
14677
14678
14680
14682
14683
14687
14688
14702
14707
14709
14711
14712
14714
14717
14722
14723
14724
14726
14727
14730
14732
14734
14735
14737
14738
14742
14746
14748
14749
14750
14753
14755
14756
14757
14758
14762
14765
14769
14770
14771
14773
14775
14776
14778
14782
14783
14786
14787
14789
14790
14791
14794
14795
14796
14797
14800
14801
14802
14803
14804
14805
14809
14813
14815
14818
14820
14821
14826
14830
14832
14838
14840
14841
14842
14846
14847
14850
14852
14854
14855
14860
14862
14863
14864
14865
14868
14869
14870
14871
14876
14879
14880
14881
14882
14884
14885
14886
14892
14893
14895
14899
14901
14903
14905
14906
14908
14913
14915
14916
14920
14921
14922
14923
14925
14927
14929
14931
14933
14937
14938
14940
14942
14943
14947
14949
14951
14953
14956
14958
14960
14961
14963
14965
14967
14968
14970
14972
14974
14975
14976
14977
14978
14979
14980
14981
14982
14983
14987
14989
14990
14992
14993
14995
14997
14999
15000
15001
15004
15005
15007
15010
15012
15013
15021
15024
15025
15028
15031
15037
15039
15043
15045
15046
15047
15050
15051
15053
15054
15056
15057
15059
15060
15062
15064
15065
15066
15067
15069
15071
15073
15075
15078
15085
15088
15093
15094
15095
15096
15098
15100
15101
15102
15103
15104
15105
15111
15113
15115
15116
15117
15118
15120
15122
15124
15126
15127
15129
15131
15136
15137
15138
15143
15144
15147
15148
15149
15150
15156
15165
15166
15167
15171
15174
15177
15179
15184
15194
15196
15197
15198
15200
15201
15202
15204
15205
15208
15209
15210
15214
15216
15217
15219
15221
15223
15224
15230
15232
15233
15235
15237
15239
15240
15243
15244
15246
15249
15250
15252
15256
15258
15261
15262
15263
15265
15266
15268
15270
15272
15273
15274
15275
15276
15278
15280
15281
15285
15286
15287
15288
15290
15291
15293
15296
15297
15299
15300
15301
15302
15303
15306
15307
15309
15314
15315
15316
15317
15323
15325
15326
15328
15329
15330
15332
15333
15334
15335
15336
15338
15340
15342
15343
15344
15345
15346
15347
15349
15350
15354
15355
15356
15358
15359
15361
15362
15363
15365
15366
15367
15368
15374
15376
15379
15380
15381
15383
15384
15386
15387
15390
15391
15394
15395
15396
15398
15399
15400
15401
15402
15403
15405
15406
15407
15412
15415
15420
15423
15424
15425
15426
15432
15433
15434
15436
15438
15440
15441
15442
15445
15448
15450
15451
15453
15454
15456
15458
15459
15460
15461
15463
15468
15473
15474
15475
15477
15478
15481
15483
15484
15486
15489
15490
15492
15494
15495
15497
15498
15502
15504
15505
15506
15508
15511
15513
15514
15517
15520
15523
15527
15529
15530
15531
15535
15537
15540
15541
15543
15547
15548
15551
15554
15555
15556
15558
15559
15561
15562
15564
15565
15566
15568
15571
15572
15573
15574
15575
15576
15577
15578
15579
15584
15585
15586
15589
15590
15591
15592
15593
15595
15598
15599
15600
15602
15603
15606
15608
15611
15621
15622
15624
15626
15628
15629
15630
15631
15632
15633
15634
15635
15636
15637
15638
15641
15644
15645
15646
15653
15654
15657
15658
15659
15660
15662
15664
15666
15667
15668
15670
15672
15674
15675
15676
15678
15679
15684
15685
15688
15689
15690
15691
15693
15694
15698
15699
15700
15701
15702
15704
15705
15707
15709
15710
15711
15713
15714
15717
15721
15723
15724
15727
15728
15730
15731
15732
15733
15734
15735
15736
15738
15739
15748
15749
15753
15755
15759
15761
15764
15769
15770
15772
15774
15775
15779
15780
15781
15783
15784
15785
15789
15790
15791
15792
15794
15797
15799
15800
15801
15803
15804
15805
15808
15810
15813
15814
15817
15818
15819
15821
15822
15823
15824
15825
15826
15827
15828
15832
15834
15836
15838
15842
15848
15849
15850
15853
15854
15856
15857
15859
15860
15863
15864
15866
15867
15868
15870
15873
15876
15879
15881
15882
15883
15884
15885
15887
15888
15890
15891
15892
15894
15895
15896
15897
15898
15899
15902
15904
15905
15906
15907
15908
15910
15911
15912
15913
15915
15917
15921
15922
15925
15929
15931
15932
15936
15937
15940
15941
15943
15944
15947
15949
15951
15952
15955
15956
15959
15962
15963
15964
15967
15968
15970
15971
15973
15975
15977
15978
15979
15987
15988
15989
15990
15997
15998
15999
16000
16001
16004
16008
16010
16012
16013
16016
16017
16019
16020
16021
16022
16024
16026
16027
16030
16031
16034
16035
16036
16038
16040
16041
16044
16047
16052
16053
16054
16056
16057
16058
16059
16062
16064
16065
16066
16068
16070
16073
16076
16077
16085
16086
16087
16091
16098
16099
16100
16101
16102
16103
16104
16108
16109
16111
16112
16113
16118
16119
16121
16124
16125
16130
16131
16133
16134
16136
16137
16139
16142
16144
16146
16148
16149
16151
16153
16157
16163
16168
16169
16170
16172
16175
16176
16179
16180
16181
16182
16185
16186
16187
16190
16191
16193
16195
16196
16198
16199
16201
16204
16207
16210
16212
16214
16216
16217
16218
16219
16223
16225
16227
16231
16233
16235
16238
16239
16240
16241
16242
16246
16251
16252
16254
16255
16258
16260
16261
16265
16267
16273
16275
16277
16278
16281
16282
16283
16284
16285
16287
16288
16290
16293
16299
16302
16303
16304
16308
16309
16312
16313
16314
16318
16320
16321
16324
16325
16326
16327
16328
16330
16332
16335
16337
16338
16339
16340
16341
16342
16344
16345
16347
16349
16350
16353
16354
16361
16362
16365
16367
16369
16372
16373
16378
16379
16380
16381
16382
16383
16384
16386
16387
16389
16394
16396
16397
16398
16399
16401
16404
16405
16406
16407
16409
16411
16413
16414
16416
16418
16419
16420
16422
16426
16427
16433
16434
16435
16437
16439
16442
16444
16446
16447
16449
16450
16451
16453
16454
16458
16459
16464
16465
16467
16474
16476
16478
16479
16481
16484
16489
16492
16493
16496
16497
16498
16502
16503
16504
16506
16507
16508
16509
16510
16512
16517
16518
16519
16521
16522
16523
16524
16530
16532
16538
16542
16543
16545
16546
16547
16548
16550
16554
16556
16558
16559
16560
16561
16562
16563
16564
16565
16568
16569
16570
16571
16574
16576
16578
16580
16582
16583
16592
16595
16598
16601
16603
16604
16605
16606
16608
16611
16614
16618
16619
16621
16623
16626
16627
16628
16629
16630
16632
16633
16634
16635
16636
16638
16639
16642
16644
16647
16648
16649
16650
16654
16658
16660
16661
16662
16669
16670
16672
16673
16675
16677
16679
16681
16682
16684
16685
16686
16694
16696
16698
16700
16701
16702
16709
16712
16713
16714
16715
16720
16722
16727
16730
16731
16732
16735
16740
16741
16743
16748
16751
16752
16755
16757
16759
16761
16762
16763
16766
16767
16768
16770
16771
16772
16773
16774
16776
16777
16779
16780
16781
16783
16784
16785
16787
16788
16789
16791
16794
16797
16798
16800
16802
16803
16806
16808
16812
16813
16814
16815
16821
16825
16828
16831
16836
16837
16839
16841
16843
16845
16847
16851
16853
16854
16855
16856
16857
16858
16859
16861
16862
16864
16865
16868
16870
16873
16877
16879
16882
16886
16887
16888
16889
16890
16892
16893
16895
16896
16897
16898
16902
16903
16904
16906
16907
16909
16910
16911
16912
16913
16915
16917
16920
16923
16924
16925
16926
16927
16928
16930
16932
16938
16940
16942
16943
16944
16947
16952
16953
16954
16955
16956
16957
16958
16959
16960
16961
16964
16970
16972
16973
16974
16978
16981
16984
16985
16987
16989
16992
16994
16997
16998
16999
17003
17006
17007
17009
17010
17011
17012
17013
17015
17018
17021
17022
17023
17025
17027
17033
17034
17038
17039
17041
17042
17044
17045
17046
17049
17052
17053
17058
17059
17062
17063
17069
17070
17074
17075
17077
17079
17081
17084
17085
17086
17090
17091
17092
17093
17095
17096
17102
17104
17105
17109
17111
17112
17113
17116
17121
17123
17125
17126
17132
17134
17137
17139
17140
17142
17144
17145
17147
17148
17150
17151
17152
17153
17154
17155
17156
17158
17159
17162
17163
17168
17173
17176
17181
17182
17184
17185
17191
17192
17195
17196
17201
17202
17203
17205
17206
17207
17208
17209
17210
17211
17216
17218
17224
17225
17228
17229
17230
17232
17235
17238
17239
17240
17241
17245
17246
17247
17248
17249
17250
17254
17256
17259
17264
17266
17268
17273
17274
17276
17278
17280
17281
17282
17285
17286
17287
17292
17293
17294
17295
17298
17299
17300
17301
17302
17306
17307
17310
17313
17314
17316
17322
17323
17325
17333
17336
17339
17342
17343
17344
17345
17347
17350
17351
17352
17353
17355
17356
17357
17358
17359
17360
17361
17362
17363
17364
17365
17369
17372
17376
17381
17385
17386
17389
17390
17394
17395
17396
17403
17404
17406
17408
17412
17414
17421
17424
17425
17427
17430
17431
17432
17433
17434
17441
17442
17444
17446
17447
17448
17451
17453
17454
17455
17457
17458
17463
17464
17466
17467
17472
17474
17475
17476
17477
17479
17480
17481
17482
17485
17487
17489
17490
17494
17496
17499
17501
17502
17503
17505
17508
17509
17512
17514
17515
17516
17517
17518
17521
17522
17523
17525
17527
17528
17533
17535
17536
17537
17539
17540
17541
17543
17544
17545
17547
17549
17550
17559
17562
17563
17565
17567
17569
17576
17577
17579
17580
17581
17582
17583
17585
17586
17589
17590
17592
17593
17594
17597
17598
17600
17602
17604
17605
17606
17607
17608
17609
17611
17612
17613
17614
17615
17616
17620
17621
17622
17623
17624
17625
17626
17627
17628
17629
17632
17640
17641
17647
17648
17655
17658
17659
17660
17661
17662
17663
17664
17667
17669
17670
17672
17673
17674
17675
17676
17678
17679
17681
17682
17684
17685
17688
17692
17694
17697
17698
17700
17701
17702
17704
17706
17707
17708
17709
17714
17715
17716
17717
17719
17720
17721
17722
17731
17732
17740
17742
17744
17746
17748
17750
17753
17754
17756
17757
17759
17760
17763
17766
17768
17769
17771
17772
17773
17774
17775
17777
17778
17781
17784
17786
17787
17788
17789
17791
17793
17794
17795
17796
17797
17798
17799
17800
17801
17802
17804
17806
17807
17809
17812
17816
17818
17820
17823
17824
17827
17828
17829
17830
17833
17834
17836
17837
17842
17844
17845
17848
17850
17852
17853
17854
17855
17857
17859
17860
17862
17867
17868
17869
17876
17877
17879
17881
17885
17886
17887
17888
17890
17892
17894
17895
17897
17898
17899
17900
17906
17907
17908
17911
17913
17916
17918
17921
17922
17923
17924
17925
17927
17928
17929
17931
17935
17936
17937
17938
17939
17941
17943
17945
17946
17947
17949
17950
17951
17954
17957
17958
17960
17961
17967
17968
17973
17980
17987
17989
17990
17991
17995
17998
18000
18001
18002
18003
18004
18006
18008
18009
18011
18017
18019
18020
18022
18023
18024
18025
18027
18028
18029
18030
18031
18032
18034
18042
18043
18048
18050
18051
18053
18056
18057
18058
18059
18060
18061
18063
18064
18065
18067
18068
18075
18081
18083
18084
18085
18086
18088
18089
18092
18095
18096
18097
18101
18102
18103
18105
18108
18109
18112
18113
18114
18115
18116
18117
18121
18122
18123
18124
18125
18128
18129
18132
18133
18137
18138
18139
18140
18142
18143
18144
18145
18147
18152
18153
18154
18158
18162
18163
18164
18165
18166
18167
18168
18170
18172
18175
18176
18177
18178
18184
18185
18187
18191
18193
18194
18195
18197
18199
18202
18203
18208
18209
18210
18211
18212
18214
18215
18216
18219
18220
18221
18222
18227
18231
18232
18236
18237
18238
18240
18241
18242
18245
18249
18254
18255
18256
18257
18262
18265
18275
18278
18279
18280
18283
18284
18286
18290
18291
18296
18297
18298
18299
18301
18302
18303
18307
18308
18309
18310
18312
18314
18315
18317
18318
18322
18323
18324
18325
18327
18328
18331
18335
18336
18337
18338
18342
18345
18347
18349
18350
18351
18354
18356
18358
18361
18363
18366
18368
18376
18377
18381
18385
18388
18390
18391
18392
18397
18399
18401
18404
18406
18411
18413
18416
18418
18419
18422
18423
18426
18427
18430
18433
18435
18436
18437
18438
18439
18440
18441
18442
18443
18444
18448
18452
18455
18457
18459
18460
18461
18466
18468
18469
18470
18471
18472
18473
18474
18475
18477
18482
18483
18492
18493
18495
18500
18503
18504
18506
18510
18512
18513
18516
18517
18518
18521
18522
18523
18526
18527
18529
18530
18533
18537
18538
18540
18542
18543
18546
18547
18548
18549
18550
18551
18553
18555
18556
18561
18564
18565
18567
18569
18570
18571
18572
18573
18575
18578
18579
18580
18581
18583
18586
18587
18588
18589
18591
18595
18596
18598
18600
18602
18603
18607
18609
18610
18615
18616
18617
18618
18619
18621
18622
18625
18626
18628
18631
18632
18634
18635
18638
18642
18643
18644
18645
18646
18654
18661
18664
18666
18667
18671
18676
18677
18679
18687
18688
18689
18691
18693
18694
18697
18699
18704
18709
18710
18711
18712
18714
18715
18716
18720
18722
18724
18725
18729
18730
18731
18732
18733
18734
18742
18744
18747
18749
18751
18754
18760
18765
18767
18771
18772
18775
18776
18777
18778
18779
18781
18782
18783
18784
18787
18789
18790
18791
18792
18795
18798
18799
18800
18801
18802
18803
18804
18806
18808
18815
18816
18820
18821
18822
18823
18826
18827
18828
18830
18835
18837
18838
18841
18845
18847
18848
18852
18857
18862
18863
18864
18865
18867
18869
18872
18873
18874
18875
18878
18879
18880
18881
18882
18883
18884
18885
18886
18888
18890
18893
18894
18895
18896
18897
18899
18901
18903
18904
18905
18906
18908
18910
18914
18917
18919
18922
18924
18925
18926
18927
18928
18931
18933
18936
18937
18940
18944
18945
18946
18947
18951
18953
18955
18956
18959
18962
18964
18965
18967
18969
18971
18973
18979
18980
18981
18983
18984
18988
18989
18992
18996
18999
19002
19003
19005
19006
19009
19010
19011
19012
19013
19016
19021
19026
19029
19030
19031
19032
19034
19038
19040
19041
19043
19044
19045
19046
19049
19050
19052
19053
19054
19057
19058
19061
19062
19063
19064
19065
19066
19067
19068
19069
19071
19077
19078
19079
19080
19085
19087
19090
19091
19092
19095
19096
19097
19098
19099
19100
19101
19102
19105
19110
19111
19113
19114
19117
19118
19119
19120
19121
19124
19125
19126
19131
19132
19133
19135
19136
19137
19140
19141
19143
19146
19147
19148
19150
19151
19152
19153
19155
19156
19157
19160
19162
19164
19167
19168
19171
19173
19174
19176
19178
19180
19183
19184
19186
19187
19188
19189
19191
19192
19193
19194
19195
19196
19198
19199
19201
19202
19203
19205
19206
19207
19208
19209
19213
19217
19218
19219
19224
19225
19227
19229
19231
19232
19234
19236
19238
19243
19244
19248
19254
19257
19258
19259
19261
19264
19265
19266
19267
19270
19272
19273
19274
19275
19276
19278
19279
19280
19282
19284
19285
19287
19288
19293
19297
19298
19301
19302
19308
19314
19316
19317
19320
19321
19324
19326
19327
19328
19330
19331
19332
19333
19336
19337
19338
19341
19342
19344
19345
19346
19350
19351
19354
19358
19361
19363
19366
19367
19373
19375
19376
19381
19382
19383
19385
19389
19392
19393
19394
19396
19398
19400
19401
19405
19406
19407
19410
19413
19414
19415
19416
19417
19418
19424
19428
19431
19432
19433
19435
19437
19440
19441
19442
19444
19446
19447
19449
19451
19453
19457
19459
19461
19462
19465
19467
19468
19469
19470
19471
19473
19477
19479
19482
19484
19485
19487
19489
19490
19493
19496
19497
19506
19507
19509
19510
19511
19512
19513
19514
19515
19517
19519
19520
19526
19527
19529
19530
19531
19534
19535
19536
19539
19541
19542
19543
19545
19547
19548
19550
19552
19553
19554
19555
19557
19559
19562
19564
19565
19568
19569
19570
19571
19573
19576
19577
19578
19579
19580
19585
19591
19594
19595
19597
19598
19600
19601
19608
19612
19613
19616
19617
19621
19623
19624
19625
19627
19629
19630
19635
19637
19638
19642
19644
19649
19650
19652
19653
19656
19658
19660
19662
19663
19665
19666
19667
19669
19670
19673
19674
19675
19676
19678
19682
19683
19684
19686
19690
19692
19693
19694
19695
19696
19697
19698
19699
19700
19701
19702
19703
19705
19708
19709
19712
19713
19717
19719
19721
19722
19724
19728
19730
19734
19735
19736
19737
19738
19741
19743
19744
19747
19748
19749
19750
19751
19752
19754
19755
19756
19758
19760
19762
19766
19768
19770
19771
19772
19778
19780
19781
19782
19783
19785
19788
19789
19792
19793
19795
19797
19802
19806
19807
19809
19813
19814
19815
19819
19822
19823
19829
19830
19831
19832
19833
19836
19837
19838
19841
19843
19844
19845
19851
19852
19853
19858
19860
19862
19863
19864
19865
19869
19871
19873
19875
19879
19885
19887
19888
19891
19892
19896
19897
19899
19904
19908
19911
19913
19916
19917
19918
19919
19923
19925
19927
19928
19931
19932
19935
19937
19939
19941
19943
19944
19945
19948
19950
19951
19952
19956
19957
19959
19962
19964
19965
19968
19969
19970
19973
19978
19979
19980
19981
19983
19984
19990
19991
19992
19994
19996
20000
20003
20004
20005
20006
20009
20010
20011
20012
20013
20014
20015
20019
20021
20027
20036
20037
20040
20041
20042
20044
20047
20048
20049
20057
20059
20060
20061
20063
20065
20070
20071
20072
20073
20074
20076
20078
20080
20081
20083
20084
20085
20086
20088
20089
20090
20091
20092
20093
20095
20096
20098
20099
20101
20102
20104
20105
20111
20114
20119
20124
20125
20127
20129
20131
20133
20135
20136
20140
20142
20143
20146
20148
20150
20151
20153
20155
20156
20157
20161
20163
20165
20166
20167
20173
20175
20176
20181
20183
20184
20185
20187
20188
20191
20192
20193
20195
20200
20201
20202
20204
20207
20209
20212
20214
20217
20218
20219
20220
20222
20225
20227
20228
20229
20231
20234
20235
20236
20238
20241
20243
20246
20248
20249
20250
20251
20252
20254
20255
20257
20259
20261
20264
20267
20270
20271
20273
20274
20275
20280
20284
20285
20287
20288
20289
20293
20294
20295
20296
20298
20299
20300
20301
20302
20303
20304
20306
20308
20309
20312
20314
20316
20317
20318
20320
20324
20326
20327
20329
20332
20334
20337
20338
20343
20346
20347
20348
20349
20351
20353
20354
20355
20356
20357
20358
20362
20364
20369
20371
20375
20376
20378
20379
20380
20381
20382
20387
20388
20391
20392
20393
20394
20395
20396
20399
20400
20402
20403
20404
20409
20411
20413
20414
20416
20419
20424
20426
20428
20430
20431
20433
20434
20436
20438
20439
20445
20446
20448
20450
20452
20453
20456
20457
20458
20459
20461
20467
20468
20470
20471
20472
20474
20475
20476
20477
20478
20480
20482
20483
20485
20486
20488
20489
20490
20492
20493
20494
20496
20499
20501
20502
20504
20506
20507
20512
20513
20516
20517
20519
20521
20522
20523
20526
20531
20532
20536
20538
20539
20541
20544
20550
20551
20555
20556
20558
20559
20560
20562
20563
20564
20569
20570
20573
20574
20575
20576
20577
20578
20581
20583
20584
20589
20590
20591
20594
20599
20601
20606
20607
20613
20616
20617
20618
20621
20624
20625
20636
20644
20646
20647
20653
20654
20657
20659
20662
20665
20668
20669
20670
20671
20674
20675
20677
20678
20679
20680
20681
20682
20684
20685
20687
20691
20692
20693
20697
20699
20701
20705
20709
20710
20711
20713
20714
20719
20720
20721
20722
20723
20725
20727
20729
20730
20733
20734
20735
20738
20742
20743
20744
20745
20747
20751
20753
20755
20758
20759
20761
20762
20768
20769
20772
20774
20775
20779
20781
20782
20786
20787
20789
20791
20792
20795
20797
20798
20799
20801
20802
20803
20804
20805
20806
20808
20809
20811
20814
20815
20816
20817
20818
20820
20821
20823
20825
20827
20828
20829
20831
20832
20834
20836
20837
20839
20842
20844
20845
20848
20852
20853
20855
20856
20858
20863
20864
20867
20868
20871
20873
20877
20878
20880
20882
20884
20885
20886
20887
20888
20890
20891
20893
20894
20895
20896
20899
20901
20902
20904
20905
20909
20911
20912
20914
20916
20917
20920
20921
20922
20924
20925
20926
20928
20933
20934
20937
20938
20939
20942
20943
20944
20945
20947
20948
20949
20950
20952
20953
20955
20958
20960
20964
20965
20969
20974
20975
20976
20978
20981
20982
20984
20987
20990
20991
20993
20996
20997
21001
21005
21006
21008
21012
21013
21016
21017
21019
21020
21023
21024
21025
21026
21028
21031
21034
21038
21042
21043
21045
21046
21048
21050
21056
21058
21061
21062
21063
21064
21065
21068
21069
21073
21074
21075
21076
21077
21079
21080
21082
21083
21084
21088
21090
21092
21093
21094
21095
21096
21097
21099
21103
21104
21106
21109
21110
21112
21114
21118
21120
21122
21123
21132
21133
21135
21138
21139
21141
21142
21145
21148
21149
21153
21154
21156
21157
21159
21162
21165
21166
21168
21170
21171
21173
21175
21177
21179
21181
21182
21183
21184
21185
21186
21188
21189
21193
21194
21195
21196
21201
21202
21203
21204
21205
21207
21210
21211
21214
21216
21219
21221
21222
21225
21226
21227
21232
21233
21235
21238
21239
21240
21241
21244
21245
21247
21249
21251
21252
21253
21254
21256
21257
21260
21263
21265
21267
21271
21273
21274
21276
21277
21280
21284
21286
21287
21289
21292
21294
21295
21296
21297
21300
21301
21302
21303
21305
21308
21310
21311
21312
21313
21314
21315
21317
21319
21321
21322
21323
21324
21325
21326
21327
21329
21332
21335
21336
21337
21338
21340
21344
21346
21347
21348
21349
21350
21351
21355
21356
21357
21358
21359
21361
21363
21365
21367
21368
21369
21371
21372
21373
21377
21378
21384
21386
21387
21388
21390
21393
21395
21401
21402
21405
21406
21407
21408
21409
21412
21413
21414
21415
21417
21418
21419
21420
21421
21422
21423
21424
21425
21426
21433
21435
21440
21442
21447
21453
21454
21455
21458
21459
21462
21463
21465
21466
21473
21475
21476
21477
21478
21480
21481
21483
21486
21489
21490
21492
21493
21495
21496
21498
21500
21501
21502
21503
21505
21507
21510
21513
21514
21515
21516
21517
21519
21522
21523
21526
21528
21535
21536
21539
21544
21546
21547
21550
21551
21552
21554
21555
21556
21558
21559
21561
21562
21563
21566
21568
21569
21570
21572
21573
21574
21577
21578
21580
21586
21590
21591
21592
21595
21596
21599
21600
21602
21603
21605
21607
21609
21612
21613
21614
21615
21617
21620
21623
21629
21631
21634
21636
21637
21638
21641
21643
21645
21646
21647
21648
21650
21651
21654
21658
21661
21663
21667
21671
21672
21673
21675
21676
21677
21683
21684
21686
21689
21690
21693
21695
21698
21699
21702
21704
21707
21709
21710
21712
21714
21716
21720
21721
21724
21726
21729
21730
21735
21740
21742
21743
21747
21749
21754
21755
21756
21759
21760
21762
21764
21765
21766
21767
21771
21772
21773
21774
21775
21777
21779
21780
21784
21785
21788
21790
21792
21794
21796
21799
21801
21805
21806
21807
21808
21810
21812
21817
21818
21819
21823
21824
21825
21827
21828
21829
21830
21833
21835
21836
21839
21843
21846
21848
21849
21850
21852
21853
21855
21856
21857
21858
21859
21860
21861
21870
21871
21873
21874
21876
21879
21881
21884
21886
21887
21890
21892
21893
21894
21895
21896
21898
21899
21900
21903
21905
21906
21909
21910
21911
21914
21915
21916
21918
21920
21924
21925
21926
21927
21929
21930
21932
21934
21935
21936
21937
21939
21942
21945
21946
21948
21949
21951
21953
21954
21955
21957
21958
21959
21962
21963
21965
21967
21969
21971
21972
21977
21979
21980
21985
21986
21993
21994
21995
21996
21997
22001
22003
22004
22005
22006
22009
22013
22020
22021
22022
22024
22028
22029
22035
22036
22037
22039
22040
22041
22042
22043
22044
22045
22047
22048
22051
22056
22057
22058
22061
22062
22063
22064
22066
22074
22076
22077
22078
22079
22083
22087
22092
22094
22095
22098
22100
22102
22103
22104
22108
22111
22112
22113
22116
22118
22119
22121
22122
22123
22124
22133
22137
22138
22139
22140
22141
22142
22143
22148
22149
22154
22159
22161
22163
22167
22169
22171
22173
22174
22175
22176
22177
22178
22179
22180
22182
22188
22191
22197
22204
22205
22207
22209
22210
22211
22212
22213
22216
22218
22219
22220
22221
22223
22225
22226
22227
22230
22232
22233
22235
22237
22241
22244
22247
22248
22249
22251
22254
22255
22256
22261
22262
22264
22265
22267
22268
22272
22273
22276
22278
22279
22283
22286
22293
22296
22297
22304
22305
22308
22309
22312
22313
22315
22316
22318
22320
22321
22323
22324
22325
22330
22331
22332
22335
22337
22340
22341
22344
22345
22347
22349
22351
22352
22355
22359
22360
22362
22363
22364
22365
22366
22368
22370
22373
22377
22379
22381
22383
22385
22386
22388
22391
22392
22393
22397
22400
22401
22402
22403
22405
22406
22408
22409
22410
22411
22412
22413
22415
22417
22418
22419
22420
22421
22422
22424
22425
22427
22428
22432
22433
22434
22436
22437
22438
22439
22442
22449
22451
22452
22456
22457
22461
22462
22464
22465
22466
22467
22472
22473
22474
22475
22477
22480
22481
22486
22487
22488
22489
22490
22492
22494
22495
22496
22498
22499
22502
22510
22511
22512
22516
22518
22519
22520
22522
22525
22531
22532
22536
22537
22541
22542
22544
22548
22549
22553
22554
22556
22557
22559
22561
22567
22568
22570
22571
22572
22573
22579
22581
22584
22585
22587
22588
22590
22592
22593
22595
22596
22597
22599
22600
22602
22604
22605
22606
22609
22611
22612
22616
22619
22621
22623
22624
22626
22627
22628
22629
22634
22636
22637
22638
22640
22641
22646
22647
22649
22652
22653
22654
22657
22659
22661
22662
22664
22669
22672
22674
22678
22679
22681
22682
22683
22686
22688
22690
22692
22695
22696
22697
22698
22703
22706
22708
22709
22711
22712
22713
22714
22715
22719
22723
22725
22726
22727
22728
22729
22733
22735
22738
22739
22740
22741
22745
22746
22748
22750
22752
22754
22756
22760
22762
22763
22764
22765
22766
22770
22771
22772
22773
22774
22775
22776
22778
22784
22785
22786
22790
22791
22793
22796
22797
22801
22803
22804
22806
22808
22809
22811
22812
22813
22819
22824
22827
22828
22830
22833
22835
22840
22843
22845
22846
22848
22849
22850
22852
22855
22858
22864
22865
22867
22868
22869
22871
22872
22873
22874
22875
22877
22878
22879
22883
22885
22886
22887
22890
22893
22896
22898
22900
22902
22903
22905
22908
22910
22912
22913
22914
22915
22918
22923
22925
22926
22929
22930
22931
22932
22933
22935
22936
22939
22941
22945
22950
22952
22953
22954
22955
22960
22962
22963
22966
22968
22969
22970
22971
22981
22983
22984
22985
22987
22989
22990
22992
22994
22996
22997
23000
23001
23003
23006
23007
23008
23009
23011
23012
23014
23015
23016
23017
23019
23020
23024
23026
23028
23029
23030
23033
23034
23035
23038
23042
23045
23046
23047
23048
23050
23051
23053
23054
23057
23061
23062
23065
23068
23069
23073
23075
23077
23079
23080
23082
23084
23085
23087
23090
23091
23093
23096
23097
23098
23099
23100
23101
23102
23103
23107
23108
23115
23116
23117
23118
23119
23120
23121
23122
23123
23125
23126
23127
23130
23134
23137
23141
23142
23144
23150
23152
23156
23160
23161
23164
23166
23167
23168
23170
23172
23174
23177
23180
23181
23183
23185
23186
23187
23191
23192
23193
23194
23195
23196
23197
23199
23201
23202
23204
23210
23211
23212
23213
23214
23219
23220
23221
23224
23226
23228
23230
23234
23236
23242
23243
23245
23246
23248
23250
23256
23258
23259
23261
23263
23264
23267
23268
23269
23270
23273
23275
23277
23279
23281
23282
23283
23284
23286
23287
23291
23292
23293
23295
23296
23298
23301
23302
23303
23304
23305
23306
23308
23310
23311
23312
23319
23320
23321
23324
23325
23326
23327
23328
23330
23331
23334
23335
23336
23337
23338
23340
23341
23342
23343
23344
23347
23348
23350
23355
23359
23361
23369
23372
23373
23377
23380
23381
23385
23387
23388
23391
23393
23394
23396
23397
23399
23402
23403
23409
23411
23413
23415
23416
23417
23418
23419
23421
23423
23425
23426
23427
23429
23430
23431
23434
23436
23437
23444
23449
23450
23451
23454
23455
23457
23459
23464
23466
23467
23468
23469
23470
23471
23474
23475
23476
23479
23480
23481
23483
23486
23488
23493
23494
23497
23498
23499
23500
23502
23503
23505
23507
23511
23512
23513
23514
23515
23516
23518
23519
23522
23524
23525
23529
23531
23535
23536
23537
23538
23539
23542
23544
23545
23548
23549
23550
23552
23553
23555
23557
23559
23561
23566
23568
23569
23574
23575
23576
23577
23578
23580
23582
23583
23588
23591
23594
23595
23596
23598
23599
23604
23605
23607
23608
23612
23613
23615
23616
23618
23620
23621
23624
23626
23627
23628
23630
23633
23634
23636
23637
23640
23646
23648
23649
23652
23653
23654
23657
23659
23660
23661
23662
23664
23665
23666
23667
23669
23670
23671
23672
23674
23675
23678
23680
23686
23687
23689
23690
23691
23694
23695
23700
23701
23703
23704
23705
23707
23716
23718
23720
23721
23724
23725
23727
23730
23736
23737
23739
23743
23744
23745
23747
23749
23750
23751
23752
23757
23759
23761
23762
23763
23764
23765
23767
23768
23769
23772
23775
23776
23777
23779
23781
23782
23783
23786
23789
23790
23797
23798
23804
23806
23807
23808
23809
23810
23811
23812
23813
23814
23816
23817
23819
23821
23824
23825
23826
23827
23829
23832
23833
23835
23836
23837
23838
23841
23842
23843
23844
23845
23849
23851
23852
23853
23857
23858
23864
23865
23871
23872
23877
23878
23879
23880
23883
23885
23886
23889
23890
23892
23893
23897
23898
23899
23902
23903
23904
23905
23906
23908
23909
23914
23915
23916
23917
23918
23924
23925
23926
23927
23928
23929
23931
23932
23936
23938
23941
23943
23945
23948
23950
23951
23955
23956
23957
23959
23961
23962
23963
23965
23968
23969
23970
23971
23972
23973
23974
23975
23978
23979
23981
23983
23984
23987
23988
23993
23995
23996
23998
23999
24000
24001
24002
24005
24006
24007
24008
24009
24010
24011
24015
24017
24019
24020
24021
24023
24024
24026
24028
24030
24033
24034
24035
24036
24037
24038
24043
24045
24050
24051
24052
24053
24054
24056
24057
24058
24059
24061
24064
24068
24070
24071
24074
24076
24077
24079
24080
24083
24084
24087
24088
24091
24094
24095
24096
24101
24103
24104
24107
24111
24112
24114
24115
24116
24117
24118
24119
24120
24121
24122
24123
24126
24127
24129
24131
24133
24135
24136
24141
24142
24144
24145
24146
24147
24150
24151
24152
24157
24158
24159
24160
24161
24163
24164
24165
24166
24167
24168
24172
24176
24177
24178
24179
24183
24186
24187
24188
24189
24194
24195
24196
24197
24199
24201
24202
24204
24205
24206
24207
24208
24209
24212
24213
24216
24217
24219
24220
24221
24222
24223
24225
24226
24227
24228
24231
24233
24236
24237
24238
24240
24242
24248
24249
24258
24259
24260
24262
24264
24266
24267
24269
24271
24273
24274
24275
24276
24279
24280
24282
24283
24284
24289
24293
24295
24297
24298
24299
24303
24304
24305
24308
24310
24312
24316
24317
24319
24320
24322
24324
24325
24326
24327
24328
24329
24332
24333
24334
24335
24336
24338
24341
24343
24344
24348
24352
24354
24355
24356
24358
24359
24361
24366
24370
24377
24378
24379
24380
24381
24382
24385
24386
24390
24391
24392
24395
24396
24399
24400
24401
24405
24406
24407
24408
24410
24411
24414
24416
24418
24419
24422
24426
24427
24433
24435
24438
24440
24441
24442
24443
24444
24446
24452
24454
24457
24458
24459
24461
24463
24464
24468
24470
24473
24476
24482
24486
24488
24490
24492
24493
24503
24504
24505
24506
24508
24509
24511
24515
24517
24518
24522
24523
24525
24526
24527
24530
24531
24532
24534
24535
24537
24538
24540
24542
24550
24552
24555
24557
24558
24560
24561
24562
24563
24565
24566
24567
24568
24569
24572
24576
24577
24581
24584
24586
24588
24589
24592
24593
24597
24602
24603
24604
24605
24606
24608
24611
24613
24615
24616
24617
24618
24622
24624
24625
24627
24628
24631
24632
24633
24634
24635
24637
24640
24641
24642
24644
24645
24649
24652
24653
24654
24655
24657
24658
24659
24660
24666
24669
24670
24671
24672
24674
24677
24678
24679
24681
24682
24687
24691
24692
24694
24695
24696
24698
24703
24707
24715
24718
24722
24724
24725
24729
24731
24733
24734
24735
24736
24737
24738
24739
24741
24742
24743
24744
24747
24748
24750
24752
24757
24758
24760
24764
24765
24768
24770
24772
24774
24775
24776
24782
24784
24786
24789
24790
24791
24795
24797
24799
24800
24801
24807
24811
24813
24814
24815
24816
24818
24819
24820
24821
24824
24829
24830
24831
24834
24835
24837
24843
24849
24850
24853
24854
24857
24859
24861
24862
24868
24869
24874
24875
24877
24880
24882
24886
24888
24889
24894
24897
24899
24901
24902
24903
24904
24906
24907
24908
24911
24912
24913
24915
24916
24917
24918
24919
24920
24921
24924
24925
24932
24933
24934
24935
24937
24940
24941
24942
24944
24947
24949
24950
24955
24956
24958
24959
24960
24961
24963
24965
24966
24968
24969
24973
24974
24976
24979
24980
24981
24985
24988
24989
24993
24994
24995
24996
24998
24999
25003
25006
25008
25009
25012
25016
25017
25018
25020
25022
25024
25026
25029
25039
25040
25041
25042
25043
25044
25045
25046
25047
25050
25051
25052
25055
25058
25059
25061
25062
25063
25064
25065
25067
25072
25073
25074
25075
25077
25080
25081
25083
25085
25087
25088
25089
25090
25091
25092
25095
25096
25104
25105
25106
25107
25108
25109
25110
25111
25112
25114
25115
25116
25117
25118
25119
25120
25121
25122
25125
25128
25130
25133
25139
25142
25143
25146
25149
25150
25152
25153
25155
25160
25161
25162
25165
25167
25168
25170
25171
25172
25173
25174
25175
25177
25178
25180
25181
25182
25187
25189
25192
25193
25194
25200
25203
25204
25205
25206
25207
25208
25209
25210
25211
25213
25217
25218
25220
25223
25225
25226
25228
25229
25230
25231
25232
25234
25235
25240
25241
25242
25243
25245
25250
25251
25255
25257
25258
25259
25261
25262
25268
25269
25271
25273
25275
25276
25278
25279
25285
25286
25287
25290
25291
25295
25296
25297
25298
25299
25300
25304
25305
25308
25309
25310
25311
25316
25317
25318
25319
25320
25321
25322
25324
25326
25328
25329
25330
25334
25335
25337
25338
25340
25343
25348
25349
25350
25352
25353
25355
25356
25357
25358
25359
25361
25366
25367
25369
25370
25372
25374
25384
25385
25386
25388
25392
25393
25394
25395
25398
25402
25404
25405
25406
25409
25411
25413
25415
25416
25423
25426
25428
25430
25431
25432
25434
25435
25436
25438
25439
25440
25443
25444
25445
25446
25448
25449
25451
25454
25455
25458
25459
25460
25461
25464
25465
25467
25468
25470
25471
25474
25477
25478
25479
25480
25482
25483
25486
25490
25492
25493
25494
25498
25499
25501
25505
25509
25510
25513
25514
25516
25517
25518
25519
25520
25521
25523
25525
25526
25532
25535
25540
25541
25543
25545
25551
25552
25555
25556
25558
25559
25561
25562
25563
25571
25572
25576
25578
25579
25582
25584
25587
25589
25591
25592
25593
25595
25596
25598
25599
25606
25607
25612
25614
25615
25617
25620
25621
25622
25623
25625
25626
25627
25628
25634
25637
25640
25641
25643
25645
25646
25647
25649
25651
25653
25655
25656
25657
25658
25659
25661
25662
25666
25667
25670
25671
25674
25678
25679
25681
25683
25684
25688
25689
25693
25694
25696
25699
25700
25706
25707
25710
25711
25714
25715
25717
25718
25722
25723
25724
25731
25733
25735
25737
25738
25739
25740
25743
25744
25745
25747
25748
25749
25753
25754
25756
25758
25761
25764
25767
25769
25771
25772
25775
25778
25780
25781
25788
25789
25790
25792
25793
25794
25797
25799
25800
25803
25804
25805
25807
25808
25809
25810
25812
25815
25817
25819
25820
25825
25832
25834
25836
25838
25840
25842
25844
25846
25849
25850
25851
25855
25856
25860
25861
25867
25870
25873
25875
25876
25877
25878
25879
25880
25887
25888
25892
25896
25899
25901
25902
25903
25908
25909
25910
25913
25914
25915
25920
25921
25922
25923
25925
25926
25928
25930
25931
25933
25935
25938
25940
25941
25943
25944
25945
25950
25952
25953
25954
25956
25957
25958
25962
25964
25967
25970
25973
25975
25976
25978
25980
25982
25983
25986
25987
25988
25991
25994
25995
25998
26003
26005
26006
26009
26010
26018
26019
26022
26024
26026
26030
26034
26036
26038
26040
26041
26044
26045
26046
26047
26048
26051
26052
26053
26054
26057
26061
26062
26068
26069
26071
26072
26073
26075
26076
26077
26081
26083
26086
26087
26088
26089
26091
26092
26093
26096
26097
26098
26099
26100
26101
26102
26103
26104
26105
26107
26109
26111
26112
26116
26117
26119
26121
26132
26133
26134
26135
26136
26138
26141
26146
26147
26148
26151
26152
26153
26154
26155
26158
26159
26160
26161
26163
26164
26168
26169
26172
26173
26174
26176
26177
26178
26179
26180
26188
26189
26190
26192
26194
26195
26198
26199
26200
26201
26205
26206
26207
26208
26210
26211
26214
26217
26219
26220
26221
26226
26227
26228
26229
26231
26236
26237
26241
26245
26246
26249
26250
26253
26254
26256
26257
26259
26261
26263
26264
26268
26269
26270
26271
26276
26278
26280
26281
26283
26285
26286
26288
26289
26290
26291
26292
26294
26295
26297
26299
26302
26304
26306
26309
26312
26315
26317
26320
26322
26324
26326
26330
26331
26332
26335
26336
26337
26338
26341
26343
26344
26345
26350
26355
26357
26360
26362
26363
26366
26367
26368
26371
26374
26375
26377
26378
26381
26383
26384
26389
26392
26393
26395
26396
26397
26400
26401
26402
26405
26407
26410
26412
26413
26414
26415
26416
26417
26418
26421
26422
26426
26428
26429
26430
26432
26433
26434
26435
26438
26441
26442
26443
26445
26448
26453
26456
26457
26460
26462
26463
26464
26465
26466
26467
26468
26475
26476
26477
26478
26481
26482
26484
26485
26487
26489
26490
26491
26493
26494
26497
26498
26499
26500
26502
26504
26505
26506
26507
26510
26511
26512
26513
26514
26519
26522
26524
26525
26526
26528
26530
26532
26533
26536
26539
26542
26544
26546
26551
26552
26554
26555
26557
26562
26563
26564
26565
26566
26567
26568
26569
26571
26572
26573
26574
26577
26578
26580
26585
26587
26588
26590
26591
26592
26594
26595
26596
26598
26599
26605
26606
26608
26610
26611
26613
26615
26616
26618
26622
26626
26628
26629
26632
26634
26636
26640
26641
26644
26645
26646
26649
26650
26651
26652
26655
26656
26657
26661
26662
26664
26666
26672
26674
26675
26676
26677
26678
26680
26681
26682
26683
26688
26691
26692
26693
26694
26695
26699
26702
26704
26707
26708
26709
26710
26711
26714
26716
26717
26720
26721
26722
26723
26724
26726
26727
26732
26734
26738
26739
26740
26741
26745
26746
26750
26754
26756
26757
26758
26759
26766
26767
26768
26769
26770
26771
26782
26783
26784
26788
26790
26794
26795
26797
26799
26801
26802
26804
26807
26811
26812
26813
26816
26818
26819
26823
26824
26826
26828
26829
26833
26835
26837
26838
26841
26844
26845
26846
26847
26849
26853
26857
26858
26860
26862
26865
26866
26867
26868
26869
26871
26875
26876
26879
26885
26886
26888
26892
26894
26895
26896
26897
26899
26901
26902
26903
26905
26906
26907
26908
26911
26914
26918
26920
26922
26924
26925
26926
26928
26930
26931
26935
26937
26938
26939
26940
26943
26944
26946
26947
26948
26949
26951
26952
26954
26956
26958
26959
26960
26963
26964
26965
26966
26967
26968
26969
26971
26972
26973
26974
26975
26976
26977
26979
26980
26982
26987
26988
26989
26993
26995
26996
27000
27009
27016
27017
27018
27020
27021
27022
27024
27025
27026
27028
27034
27035
27038
27039
27041
27042
27045
27046
27047
27050
27053
27054
27056
27063
27064
27065
27067
27068
27069
27071
27072
27073
27074
27076
27077
27078
27079
27080
27081
27082
27084
27085
27087
27090
27094
27095
27097
27098
27102
27103
27104
27105
27106
27110
27112
27113
27114
27115
27117
27118
27119
27123
27126
27131
27132
27133
27135
27137
27140
27142
27144
27146
27147
27148
27149
27151
27153
27154
27158
27159
27161
27169
27170
27172
27175
27178
27180
27181
27183
27188
27191
27192
27193
27195
27198
27202
27203
27205
27210
27211
27214
27215
27218
27223
27225
27228
27229
27231
27232
27233
27234
27235
27237
27238
27242
27243
27244
27249
27250
27251
27254
27255
27258
27264
27271
27273
27277
27279
27281
27283
27284
27285
27286
27287
27288
27290
27291
27294
27295
27296
27297
27300
27302
27303
27306
27308
27310
27312
27313
27314
27317
27321
27322
27323
27326
27328
27329
27331
27332
27336
27337
27339
27340
27341
27342
27343
27344
27345
27348
27351
27352
27353
27354
27355
27356
27357
27358
27359
27361
27363
27364
27365
27367
27369
27370
27371
27372
27373
27377
27378
27379
27382
27386
27387
27390
27394
27395
27397
27398
27400
27401
27403
27404
27406
27410
27411
27418
27419
27421
27422
27425
27426
27428
27431
27432
27433
27434
27436
27438
27441
27443
27446
27448
27449
27451
27453
27454
27460
27461
27462
27464
27468
27469
27471
27472
27473
27480
27483
27485
27487
27488
27490
27494
27495
27496
27497
27498
27500
27502
27504
27508
27510
27513
27514
27516
27518
27519
27520
27523
27524
27527
27529
27530
27534
27535
27536
27537
27538
27539
27542
27545
27548
27550
27552
27553
27554
27555
27556
27560
27561
27562
27563
27565
27566
27569
27572
27573
27576
27577
27579
27581
27584
27585
27586
27588
27593
27597
27602
27604
27606
27607
27610
27611
27612
27613
27615
27616
27620
27622
27623
27626
27629
27632
27633
27634
27636
27638
27639
27640
27641
27642
27643
27647
27648
27649
27655
27657
27659
27660
27661
27663
27664
27665
27668
27671
27673
27674
27675
27678
27682
27683
27686
27687
27689
27695
27697
27698
27701
27706
27707
27708
27709
27711
27712
27714
27716
27720
27722
27723
27728
27729
27734
27735
27736
27738
27739
27744
27746
27747
27750
27751
27755
27757
27758
27759
27762
27766
27767
27768
27769
27770
27771
27774
27776
27781
27782
27791
27794
27795
27798
27799
27803
27807
27808
27813
27815
27816
27819
27823
27825
27826
27827
27828
27829
27830
27834
27835
27836
27839
27843
27844
27845
27846
27847
27849
27851
27852
27853
27855
27856
27858
27863
27867
27868
27869
27871
27873
27877
27878
27880
27881
27883
27887
27888
27891
27892
27895
27896
27898
27901
27902
27903
27904
27905
27907
27908
27909
27912
27913
27915
27918
27923
27926
27928
27932
27936
27937
27939
27940
27943
27945
27946
27950
27951
27952
27953
27954
27955
27956
27959
27961
27962
27966
27968
27969
27970
27971
27976
27977
27978
27979
27980
27983
27985
27986
27987
27988
27990
27992
27993
27994
27996
27997
27998
27999
28000
28001
28002
28004
28006
28007
28008
28010
28011
28012
28013
28016
28017
28018
28020
28022
28023
28024
28025
28028
28031
28032
28035
28038
28039
28040
28041
28045
28048
28049
28051
28052
28055
28056
28057
28061
28062
28064
28066
28067
28072
28075
28076
28077
28079
28081
28084
28085
28088
28089
28090
28092
28096
28098
28099
28101
28104
28108
28110
28111
28112
28113
28114
28115
28118
28120
28123
28125
28128
28134
28136
28138
28142
28143
28147
28149
28153
28158
28159
28160
28164
28165
28166
28169
28171
28172
28174
28178
28181
28186
28188
28196
28197
28198
28199
28201
28202
28203
28204
28205
28206
28208
28212
28216
28218
28220
28222
28224
28225
28226
28227
28228
28230
28231
28232
28234
28235
28239
28242
28243
28246
28247
28249
28250
28251
28253
28256
28257
28258
28259
28260
28261
28263
28266
28267
28268
28269
28270
28273
28282
28283
28285
28286
28291
28294
28295
28296
28303
28304
28305
28306
28307
28311
28312
28315
28319
28324
28327
28328
28329
28334
28336
28341
28342
28343
28345
28347
28348
28349
28350
28354
28356
28357
28358
28362
28365
28367
28368
28369
28370
28372
28373
28375
28376
28377
28378
28379
28380
28382
28383
28384
28386
28389
28390
28391
28392
28394
28396
28397
28398
28399
28402
28403
28404
28405
28406
28407
28410
28411
28415
28417
28419
28421
28422
28423
28424
28432
28433
28434
28435
28438
28443
28445
28447
28450
28452
28455
28456
28457
28465
28466
28467
28468
28469
28470
28472
28473
28474
28476
28478
28480
28481
28483
28487
28488
28489
28490
28494
28495
28496
28497
28501
28502
28504
28507
28509
28511
28512
28513
28514
28515
28516
28517
28518
28520
28522
28523
28524
28526
28528
28529
28531
28533
28534
28536
28537
28538
28539
28540
28541
28545
28550
28552
28554
28555
28556
28557
28561
28566
28567
28568
28569
28570
28572
28578
28580
28581
28582
28584
28585
28586
28589
28591
28593
28596
28601
28604
28607
28609
28610
28615
28616
28617
28624
28625
28626
28627
28629
28630
28632
28633
28635
28636
28638
28639
28641
28642
28643
28646
28651
28652
28653
28655
28656
28660
28661
28662
28666
28672
28675
28676
28677
28678
28680
28683
28684
28685
28686
28689
28695
28697
28698
28703
28704
28710
28711
28713
28714
28715
28717
28719
28720
28721
28722
28726
28727
28728
28730
28733
28735
28736
28738
28743
28744
28745
28749
28750
28753
28754
28759
28761
28765
28766
28767
28768
28771
28775
28777
28778
28781
28784
28786
28787
28788
28789
28791
28792
28793
28794
28795
28798
28800
28801
28803
28804
28805
28806
28807
28808
28809
28810
28812
28814
28815
28816
28819
28820
28825
28826
28830
28831
28832
28835
28837
28840
28841
28842
28845
28847
28848
28850
28853
28854
28855
28856
28858
28859
28860
28865
28866
28867
28870
28876
28878
28879
28880
28881
28882
28883
28886
28888
28892
28894
28896
28897
28898
28899
28902
28903
28905
28906
28907
28908
28911
28914
28916
28917
28918
28919
28920
28922
28925
28926
28927
28928
28930
28933
28937
28943
28944
28945
28946
28947
28948
28951
28953
28960
28964
28965
28966
28968
28969
28973
28974
28975
28977
28978
28981
28982
28986
28990
28991
28995
28996
28998
29001
29004
29006
29007
29008
29011
29014
29015
29017
29018
29019
29021
29022
29023
29025
29033
29039
29042
29052
29055
29056
29057
29059
29060
29063
29066
29067
29069
29073
29074
29078
29079
29081
29082
29084
29085
29087
29090
29091
29094
29095
29103
29105
29107
29111
29116
29118
29121
29125
29126
29129
29134
29135
29136
29139
29140
29145
29148
29149
29151
29154
29155
29156
29162
29168
29173
29174
29176
29177
29178
29179
29181
29182
29183
29186
29189
29192
29194
29195
29198
29199
29204
29205
29206
29208
29210
29211
29213
29215
29217
29218
29220
29221
29222
29225
29227
29229
29231
29232
29234
29235
29238
29241
29242
29243
29244
29246
29247
29250
29251
29254
29256
29257
29259
29261
29265
29266
29267
29272
29274
29278
29279
29280
29281
29283
29284
29285
29286
29292
29293
29294
29295
29296
29297
29300
29301
29302
29309
29310
29311
29312
29313
29315
29318
29319
29320
29323
29325
29327
29329
29333
29335
29336
29340
29342
29344
29345
29347
29352
29353
29355
29360
29362
29363
29365
29368
29371
29373
29376
29377
29378
29379
29382
29383
29384
29386
29388
29390
29392
29394
29398
29401
29406
29407
29409
29412
29414
29416
29417
29420
29422
29424
29425
29426
29428
29429
29430
29431
29432
29434
29439
29442
29445
29453
29456
29462
29467
29468
29471
29472
29473
29476
29478
29482
29483
29485
29490
29491
29493
29495
29496
29498
29499
29500
29504
29505
29506
29508
29509
29513
29515
29516
29519
29521
29523
29525
29526
29527
29528
29529
29531
29533
29535
29536
29537
29538
29539
29540
29541
29542
29543
29546
29547
29548
29549
29551
29552
29554
29557
29563
29564
29568
29570
29571
29572
29574
29575
29576
29577
29581
29582
29588
29591
29596
29597
29598
29600
29605
29607
29609
29611
29613
29614
29619
29623
29624
29625
29628
29630
29636
29637
29639
29641
29642
29646
29648
29650
29652
29655
29656
29661
29662
29663
29666
29667
29668
29670
29672
29673
29674
29675
29677
29678
29679
29680
29681
29691
29695
29698
29700
29701
29702
29704
29706
29709
29712
29717
29718
29720
29722
29723
29724
29725
29726
29729
29732
29735
29737
29738
29743
29749
29750
29751
29753
29754
29755
29756
29757
29759
29764
29765
29766
29767
29769
29770
29771
29776
29777
29778
29780
29782
29784
29786
29791
29794
29801
29805
29806
29807
29809
29810
29811
29813
29814
29815
29817
29823
29824
29825
29827
29828
29829
29830
29831
29834
29835
29836
29838
29840
29843
29845
29850
29851
29853
29854
29856
29857
