0
3
5
6
7
11
12
13
14
15
16
18
19
20
22
23
26
27
30
31
33
35
36
37
38
42
43
44
46
49
51
53
54
56
60
61
62
64
65
68
69
70
71
72
74
77
79
80
86
87
89
91
92
94
97
98
102
105
108
114
116
119
120
121
122
123
125
127
128
129
130
134
135
137
140
142
143
145
146
147
149
150
152
153
154
155
159
160
164
165
168
172
174
176
177
179
180
183
186
187
188
191
192
195
196
198
200
201
202
203
204
207
208
210
211
213
214
216
217
220
224
226
231
234
235
238
240
241
242
243
245
246
250
251
252
254
255
256
259
261
264
265
266
268
269
270
271
272
273
274
277
278
279
281
282
283
286
289
290
291
293
294
295
296
297
298
300
302
304
306
307
310
311
314
315
316
317
318
319
323
324
326
327
331
335
338
343
345
348
349
353
354
355
356
357
358
359
360
361
364
365
366
368
369
372
375
377
380
383
385
387
389
390
391
392
393
394
399
401
405
411
415
416
417
420
422
423
424
425
426
428
429
432
433
434
435
436
437
441
442
443
444
445
450
452
455
456
457
458
460
461
462
463
465
466
467
468
471
473
474
475
476
477
480
481
487
490
491
497
498
502
503
504
505
509
510
511
513
514
516
517
518
522
525
528
532
533
536
537
538
539
540
541
542
543
544
547
548
549
550
551
553
554
555
556
560
562
565
567
570
571
576
580
581
586
587
588
589
590
591
592
595
596
597
601
602
604
606
608
609
610
612
613
617
618
619
620
623
624
625
626
628
629
630
631
634
636
641
642
644
645
648
649
650
651
653
656
657
658
660
661
663
664
665
666
667
668
669
671
672
673
677
678
679
681
682
683
688
689
691
692
693
694
695
698
700
703
706
708
709
710
712
714
715
716
717
719
724
725
729
730
732
736
739
741
742
744
748
749
751
752
753
754
757
758
759
760
762
765
766
768
771
775
777
784
787
788
789
790
791
792
794
796
798
800
801
805
807
813
816
818
819
822
825
826
833
834
835
837
839
840
841
846
848
849
851
852
854
855
857
859
861
863
864
865
866
867
869
870
872
873
874
875
877
884
886
887
888
890
892
893
894
895
897
899
900
902
907
908
909
910
911
913
914
916
919
922
928
929
930
931
932
935
936
938
940
941
942
944
945
946
948
949
951
955
957
959
961
962
966
969
970
973
974
975
976
977
981
982
986
991
992
994
995
996
999
1000
1003
1006
1008
1011
1012
1014
1016
1017
1018
1020
1023
1025
1027
1029
1030
1032
1033
1034
1035
1036
1039
1040
1041
1043
1044
1046
1047
1048
1050
1051
1055
1057
1058
1059
1060
1063
1065
1066
1073
1074
1075
1078
1080
1082
1086
1087
1090
1092
1094
1095
1096
1097
1098
1101
1102
1103
1105
1107
1109
1111
1113
1114
1117
1120
1121
1122
1124
1130
1133
1134
1135
1138
1141
1143
1145
1146
1147
1148
1153
1159
1160
1161
1164
1165
1168
1170
1171
1172
1174
1176
1178
1179
1180
1183
1184
1185
1188
1189
1190
1191
1193
1194
1196
1197
1200
1202
1203
1204
1206
1207
1210
1213
1216
1223
1224
1225
1226
1227
1228
1229
1235
1236
1238
1239
1240
1241
1243
1245
1246
1247
1252
1253
1254
1255
1256
1257
1259
1263
1264
1265
1266
1267
1269
1272
1273
1276
1277
1278
1280
1281
1282
1283
1284
1286
1287
1288
1290
1291
1292
1294
1295
1296
1297
1298
1299
1300
1301
1302
1303
1304
1307
1308
1314
1318
1319
1320
1327
1329
1331
1332
1333
1334
1335
1336
1339
1348
1349
1350
1351
1357
1359
1362
1363
1366
1369
1370
1372
1374
1376
1378
1380
1381
1382
1384
1385
1386
1387
1388
1389
1391
1400
1403
1405
1406
1409
1412
1413
1421
1422
1423
1424
1425
1427
1429
1430
1436
1437
1442
1443
1444
1445
1446
1447
1448
1450
1451
1452
1453
1455
1456
1457
1458
1462
1463
1466
1467
1470
1471
1472
1473
1476
1479
1482
1486
1489
1490
1491
1493
1496
1499
1500
1501
1502
1503
1504
1508
1509
1510
1513
1515
1520
1522
1523
1524
1525
1527
1529
1530
1531
1532
1533
1536
1539
1540
1547
1548
1552
1553
1555
1556
1558
1564
1565
1566
1568
1570
1573
1574
1575
1576
1577
1578
1579
1580
1584
1586
1592
1593
1594
1595
1596
1597
1598
1601
1603
1605
1606
1610
1611
1612
1618
1619
1620
1627
1630
1632
1634
1637
1638
1639
1642
1644
1646
1650
1654
1656
1661
1662
1663
1664
1666
1668
1669
1671
1672
1673
1677
1680
1681
1682
1685
1691
1693
1696
1700
1701
1702
1705
1706
1707
1711
1712
1713
1715
1716
1719
1720
1721
1722
1725
1726
1729
1732
1733
1734
1735
1736
1739
1740
1741
1743
1744
1748
1749
1751
1753
1754
1756
1758
1759
1761
1762
1764
1765
1771
1772
1773
1774
1776
1782
1785
1786
1789
1790
1791
1792
1795
1797
1798
1799
1801
1802
1803
1806
1807
1808
1809
1810
1811
1812
1813
1814
1815
1817
1818
1819
1822
1824
1828
1829
1831
1832
1833
1835
1836
1838
1839
1843
1844
1846
1852
1853
1854
1858
1859
1860
1862
1865
1866
1867
1868
1870
1872
1875
1876
1877
1879
1880
1882
1884
1886
1888
1890
1892
1894
1896
1898
1900
1901
1903
1904
1906
1908
1909
1910
1911
1912
1913
1914
1916
1917
1918
1921
1924
1926
1928
1929
1932
1933
1934
1936
1937
1938
1943
1947
1948
1951
1952
1957
1958
1959
1960
1961
1962
1963
1964
1965
1968
1970
1971
1974
1979
1981
1982
1983
1984
1985
1987
1991
1992
1994
1995
1996
1997
2006
2008
2010
2013
2014
2015
2017
2019
2021
2022
2023
2024
2027
2029
2030
2035
2036
2038
2039
2042
2044
2045
2046
2047
2050
2051
2053
2056
2057
2061
2067
2069
2072
2074
2075
2077
2078
2079
2082
2084
2086
2089
2090
2091
2092
2093
2094
2097
2099
2102
2105
2106
2107
2111
2112
2113
2114
2116
2118
2119
2120
2121
2124
2126
2133
2134
2135
2142
2144
2146
2149
2150
2151
2152
2153
2154
2157
2159
2160
2161
2165
2166
2170
2174
2175
2176
2179
2180
2181
2183
2184
2185
2186
2187
2188
2192
2194
2200
2202
2206
2208
2209
2211
2215
2217
2220
2222
2223
2224
2225
2227
2229
2230
2233
2235
2237
2238
2239
2244
2245
2247
2249
2250
2251
2252
2253
2255
2256
2257
2262
2263
2264
2265
2266
2267
2268
2271
2272
2273
2274
2277
2281
2282
2283
2284
2285
2288
2289
2290
2292
2293
2295
2297
2298
2300
2302
2306
2307
2308
2310
2313
2315
2316
2318
2320
2321
2326
2327
2328
2331
2332
2334
2335
2336
2338
2340
2341
2343
2344
2345
2346
2348
2350
2352
2354
2356
2360
2361
2364
2365
2367
2368
2369
2372
2373
2381
2385
2387
2388
2392
2393
2394
2395
2396
2397
2398
2399
2401
2403
2404
2406
2409
2412
2413
2414
2416
2417
2418
2419
2420
2422
2423
2427
2429
2431
2432
2434
2435
2439
2440
2441
2445
2446
2449
2454
2455
2457
2458
2459
2460
2461
2462
2463
2466
2467
2470
2471
2480
2481
2482
2485
2487
2490
2491
2492
2500
2501
2502
2503
2504
2507
2509
2511
2515
2516
2518
2521
2522
2523
2525
2530
2535
2537
2541
2544
2545
2546
2550
2551
2553
2554
2555
2557
2561
2562
2564
2565
2573
2575
2577
2578
2580
2584
2585
2586
2587
2588
2591
2592
2594
2597
2598
2600
2601
2603
2604
2605
2606
2607
2608
2615
2619
2620
2622
2623
2628
2629
2632
2637
2640
2642
2643
2644
2645
2647
2648
2649
2651
2653
2656
2658
2659
2660
2661
2662
2663
2664
2665
2666
2671
2673
2674
2675
2677
2681
2685
2686
2688
2689
2691
2692
2693
2699
2700
2702
2703
2705
2707
2708
2709
2711
2712
2713
2718
2719
2725
2726
2727
2730
2734
2735
2742
2743
2744
2747
2749
2750
2751
2753
2754
2756
2760
2762
2764
2771
2772
2773
2774
2778
2780
2781
2783
2784
2785
2786
2789
2790
2795
2796
2800
2802
2808
2809
2810
2811
2813
2814
2815
2816
2819
2821
2822
2823
2826
2827
2829
2830
2831
2833
2834
2838
2840
2841
2842
2843
2846
2847
2848
2849
2852
2854
2855
2859
2860
2861
2864
2866
2867
2868
2869
2872
2873
2874
2875
2878
2879
2884
2892
2893
2894
2895
2896
2898
2899
2901
2903
2905
2908
2909
2910
2911
2915
2919
2920
2922
2923
2925
2930
2932
2934
2935
2937
2938
2940
2941
2948
2949
2953
2955
2958
2959
2961
2962
2964
2965
2967
2968
2972
2978
2979
2981
2982
2983
2986
2992
2995
2997
2998
2999
3004
3007
3010
3013
3014
3016
3018
3019
3021
3022
3024
3025
3029
3030
3031
3033
3034
3035
3036
3037
3038
3040
3042
3047
3048
3051
3054
3055
3058
3061
3063
3064
3066
3069
3073
3074
3075
3078
3079
3080
3081
3082
3083
3085
3087
3090
3092
3093
3094
3095
3097
3099
3100
3101
3102
3104
3107
3111
3113
3114
3116
3119
3121
3122
3124
3127
3128
3130
3131
3135
3136
3137
3138
3141
3143
3144
3147
3148
3149
3153
3154
3156
3157
3161
3165
3166
3167
3168
3170
3171
3172
3174
3175
3177
3179
3180
3181
3183
3184
3185
3186
3190
3192
3193
3194
3195
3197
3199
3203
3204
3205
3207
3210
3213
3216
3217
3219
3220
3221
3224
3225
3229
3230
3237
3238
3239
3240
3242
3247
3250
3251
3252
3254
3256
3261
3262
3266
3270
3271
3272
3274
3275
3276
3277
3278
3281
3282
3285
3287
3288
3292
3294
3295
3296
3297
3298
3299
3301
3302
3303
3304
3308
3309
3311
3314
3315
3316
3317
3318
3322
3323
3325
3326
3329
3332
3335
3336
3337
3344
3349
3350
3351
3352
3354
3356
3358
3367
3369
3370
3374
3375
3376
3380
3381
3382
3383
3384
3385
3386
3387
3389
3390
3392
3393
3398
3400
3409
3412
3419
3420
3421
3427
3428
3429
3433
3434
3437
3438
3439
3440
3446
3447
3448
3453
3454
3455
3458
3461
3462
3463
3464
3467
3468
3469
3470
3471
3472
3473
3476
3478
3480
3482
3483
3487
3488
3490
3492
3494
3495
3500
3501
3503
3504
3505
3507
3508
3509
3511
3513
3514
3517
3519
3525
3527
3528
3529
3530
3532
3534
3535
3537
3538
3541
3542
3543
3549
3550
3552
3553
3555
3558
3559
3562
3563
3564
3565
3569
3570
3572
3573
3578
3580
3582
3584
3587
3589
3591
3596
3598
3600
3601
3602
3603
3604
3611
3613
3614
3616
3618
3621
3622
3623
3624
3625
3626
3628
3633
3636
3637
3638
3639
3640
3641
3644
3645
3651
3654
3657
3658
3659
3660
3661
3667
3669
3671
3674
3675
3680
3681
3684
3686
3687
3688
3692
3694
3695
3700
3703
3705
3706
3708
3710
3712
3715
3716
3717
3718
3719
3721
3723
3726
3728
3729
3733
3734
3735
3736
3737
3742
3743
3744
3746
3748
3750
3751
3752
3753
3756
3758
3759
3760
3769
3770
3771
3774
3775
3778
3779
3780
3782
3784
3789
3790
3794
3795
3797
3798
3799
3800
3805
3809
3811
3812
3814
3816
3817
3818
3825
3826
3827
3833
3836
3837
3839
3844
3845
3846
3849
3850
3851
3853
3857
3858
3859
3860
3862
3865
3866
3867
3868
3870
3871
3872
3873
3874
3878
3880
3881
3882
3885
3887
3889
3890
3892
3893
3894
3895
3896
3897
3900
3908
3911
3912
3914
3916
3918
3919
3920
3921
3924
3925
3926
3928
3929
3935
3942
3943
3947
3949
3950
3954
3957
3959
3960
3961
3962
3963
3964
3965
3971
3972
3974
3977
3978
3979
3980
3981
3982
3983
3985
3991
3992
3993
3994
3998
3999
4001
4002
4005
4006
4011
4012
4013
4014
4016
4017
4022
4023
4025
4027
4028
4030
4032
4033
4035
4038
4039
4044
4045
4048
4050
4051
4055
4059
4060
4066
4068
4076
4077
4078
4079
4081
4083
4084
4085
4089
4090
4093
4095
4098
4101
4103
4104
4105
4108
4110
4113
4115
4116
4119
4121
4123
4129
4131
4133
4135
4136
4138
4139
4140
4141
4142
4144
4145
4147
4148
4149
4150
4151
4152
4154
4155
4156
4157
4158
4159
4160
4162
4163
4165
4168
4169
4172
4174
4175
4177
4178
4179
4180
4182
4183
4185
4189
4190
4193
4194
4195
4198
4199
4201
4202
4203
4206
4207
4208
4209
4210
4212
4214
4217
4219
4221
4222
4225
4226
4229
4230
4232
4233
4234
4235
4236
4243
4244
4247
4251
4253
4254
4256
4263
4265
4266
4267
4270
4271
4274
4281
4284
4285
4287
4290
4291
4292
4294
4296
4297
4300
4305
4306
4307
4308
4310
4311
4313
4316
4317
4321
4325
4327
4328
4329
4332
4334
4336
4337
4338
4341
4346
4349
4351
4354
4355
4358
4359
4360
4361
4362
4363
4365
4366
4368
4369
4370
4372
4373
4374
4376
4380
4382
4385
4386
4388
4389
4391
4392
4393
4395
4401
4403
4404
4405
4406
4408
4409
4410
4412
4413
4415
4416
4419
4425
4426
4429
4430
4435
4436
4439
4440
4441
4442
4449
4452
4454
4455
4456
4457
4459
4460
4463
4464
4465
4466
4468
4475
4477
4479
4481
4482
4485
4487
4489
4494
4497
4498
4500
4501
4502
4503
4504
4508
4511
4513
4515
4518
4519
4525
4527
4528
4529
4532
4533
4535
4538
4542
4544
4546
4547
4551
4555
4560
4562
4566
4567
4568
4569
4570
4573
4574
4578
4579
4580
4581
4585
4586
4588
4589
4590
4591
4592
4594
4595
4597
4598
4599
4600
4601
4602
4603
4604
4605
4607
4609
4610
4611
4613
4617
4623
4625
4626
4630
4631
4633
4634
4635
4636
4639
4640
4641
4643
4645
4646
4648
4649
4651
4652
4653
4654
4655
4657
4660
4666
4668
4671
4672
4673
4674
4678
4679
4681
4683
4685
4686
4687
4689
4690
4694
4696
4697
4698
4699
4703
4708
4712
4713
4714
4716
4718
4719
4720
4722
4723
4724
4726
4728
4729
4735
4737
4741
4742
4743
4745
4747
4748
4749
4751
4752
4758
4760
4763
4765
4767
4768
4769
4770
4772
4776
4778
4779
4781
4782
4784
4786
4788
4790
4791
4793
4796
4797
4799
4801
4805
4807
4808
4810
4811
4813
4816
4818
4819
4820
4823
4826
4827
4828
4831
4832
4834
4835
4836
4837
4838
4842
4844
4845
4849
4850
4851
4854
4857
4858
4859
4861
4862
4864
4867
4871
4872
4875
4876
4878
4881
4887
4888
4889
4890
4891
4892
4893
4894
4895
4896
4897
4899
4900
4902
4903
4906
4907
4909
4910
4912
4913
4914
4916
4918
4921
4922
4923
4926
4927
4929
4930
4931
4933
4934
4935
4938
4939
4940
4943
4946
4947
4948
4952
4954
4956
4958
4964
4966
4967
4969
4970
4971
4972
4973
4976
4977
4979
4980
4981
4982
4983
4984
4986
4987
4990
4992
4993
4995
4996
4998
5000
5001
5002
5004
5007
5008
5010
5012
5015
5021
5024
5028
5030
5031
5033
5034
5036
5037
5038
5039
5041
5043
5044
5045
5051
5052
5054
5055
5057
5058
5059
5060
5063
5065
5068
5069
5076
5078
5080
5084
5085
5086
5087
5088
5089
5091
5092
5093
5094
5095
5096
5099
5100
5101
5102
5103
5107
5108
5110
5111
5112
5113
5117
5118
5121
5124
5126
5128
5131
5135
5136
5137
5140
5142
5144
5145
5146
5147
5148
5149
5151
5152
5153
5155
5158
5160
5161
5162
5163
5164
5165
5166
5170
5171
5172
5173
5175
5177
5180
5182
5186
5188
5191
5195
5196
5197
5201
5203
5204
5206
5209
5212
5214
5215
5216
5217
5218
5219
5222
5223
5224
5225
5226
5229
5231
5233
5234
5235
5236
5237
5242
5245
5246
5247
5249
5250
5254
5256
5262
5264
5266
5267
5269
5276
5277
5278
5280
5281
5282
5285
5286
5287
5290
5292
5293
5295
5297
5298
5300
5303
5310
5313
5317
5318
5319
5321
5325
5326
5327
5328
5329
5331
5335
5337
5340
5345
5346
5347
5348
5349
5352
5353
5355
5356
5357
5358
5359
5360
5362
5366
5369
5370
5371
5376
5380
5383
5385
5386
5391
5393
5394
5395
5396
5398
5401
5405
5410
5412
5413
5414
5415
5419
5420
5424
5425
5427
5428
5429
5430
5432
5433
5434
5436
5439
5443
5448
5449
5453
5457
5458
5460
5466
5467
5471
5472
5473
5477
5478
5480
5481
5482
5487
5490
5491
5493
5494
5495
5496
5499
5500
5502
5503
5506
5514
5516
5518
5519
5520
5523
5524
5527
5530
5531
5533
5534
5536
5538
5541
5542
5543
5544
5547
5548
5549
5551
5552
5554
5555
5557
5559
5560
5562
5564
5566
5568
5576
5577
5578
5580
5582
5583
5584
5585
5587
5588
5589
5590
5591
5594
5595
5596
5597
5598
5599
5601
5603
5604
5605
5606
5607
5613
5615
5617
5619
5621
5624
5627
5628
5629
5630
5632
5634
5635
5637
5639
5644
5645
5647
5649
5650
5663
5667
5668
5669
5671
5672
5673
5680
5681
5683
5685
5687
5689
5693
5695
5696
5697
5698
5699
5700
5702
5707
5709
5710
5711
5712
5716
5717
5725
5726
5729
5730
5732
5735
5738
5739
5742
5744
5745
5747
5749
5751
5752
5753
5755
5757
5759
5761
5762
5763
5764
5766
5768
5771
5775
5776
5778
5780
5781
5782
5784
5786
5788
5795
5796
5801
5803
5805
5807
5811
5812
5813
5815
5816
5817
5818
5820
5824
5827
5832
5836
5838
5840
5842
5843
5847
5852
5853
5854
5856
5858
5859
5862
5864
5865
5866
5868
5872
5873
5875
5877
5878
5884
5886
5887
5890
5891
5900
5902
5904
5906
5911
5913
5915
5916
5917
5918
5924
5926
5931
5932
5935
5936
5937
5939
5940
5941
5942
5945
5949
5950
5953
5957
5959
5960
5961
5962
5963
5964
5968
5972
5977
5978
5979
5982
5983
5984
5986
5988
5989
5990
5992
5993
5995
5996
5998
5999
6000
6001
6002
6005
6007
6008
6010
6011
6012
6015
6016
6018
6021
6022
6024
6025
6027
6031
6032
6034
6035
6039
6040
6041
6042
6043
6044
6047
6048
6049
6051
6053
6054
6056
6062
6065
6067
6068
6069
6072
6073
6074
6075
6078
6080
6084
6085
6087
6088
6089
6092
6093
6096
6097
6099
6101
6102
6113
6115
6119
6120
6121
6122
6123
6124
6125
6127
6128
6129
6131
6132
6133
6135
6140
6142
6144
6145
6146
6147
6149
6150
6151
6152
6155
6156
6158
6161
6163
6165
6167
6168
6169
6170
6175
6181
6183
6190
6191
6192
6197
6198
6200
6201
6203
6206
6208
6209
6212
6213
6215
6216
6217
6220
6222
6224
6225
6228
6229
6231
6232
6233
6234
6235
6237
6238
6242
6245
6246
6247
6248
6249
6250
6252
6253
6254
6256
6257
6259
6260
6262
6263
6264
6266
6272
6275
6278
6281
6283
6286
6290
6291
6292
6293
6294
6306
6307
6308
6309
6311
6313
6314
6317
6319
6320
6321
6325
6326
6327
6329
6330
6331
6332
6333
6336
6337
6338
6340
6342
6343
6346
6349
6351
6353
6355
6358
6359
6361
6363
6364
6365
6368
6369
6370
6371
6372
6374
6375
6376
6377
6378
6380
6381
6382
6383
6384
6385
6390
6391
6392
6395
6400
6401
6404
6408
6409
6410
6413
6418
6420
6422
6423
6424
6426
6430
6433
6437
6439
6442
6444
6445
6446
6448
6450
6451
6452
6453
6455
6457
6458
6463
6464
6465
6466
6467
6468
6469
6470
6472
6473
6479
6480
6482
6483
6484
6496
6500
6501
6505
6506
6508
6509
6511
6512
6514
6519
6520
6521
6522
6523
6529
6530
6533
6534
6535
6538
6539
6540
6541
6542
6543
6544
6545
6548
6549
6550
6552
6555
6558
6561
6563
6564
6568
6576
6578
6579
6582
6585
6586
6587
6589
6590
6592
6593
6594
6598
6600
6601
6603
6605
6606
6607
6609
6611
6613
6614
6620
6622
6624
6629
6630
6633
6639
6643
6644
6647
6650
6651
6654
6658
6662
6663
6664
6667
6671
6678
6680
6681
6683
6687
6688
6691
6694
6695
6698
6700
6701
6705
6706
6709
6716
6719
6721
6722
6723
6724
6726
6727
6728
6729
6732
6738
6741
6744
6745
6747
6750
6751
6752
6755
6757
6758
6759
6760
6763
6765
6767
6768
6771
6773
6774
6775
6776
6778
6779
6780
6784
6786
6787
6788
6793
6794
6795
6798
6800
6802
6803
6804
6805
6807
6811
6815
6817
6820
6821
6822
6823
6824
6828
6829
6830
6831
6834
6835
6836
6839
6850
6851
6852
6857
6860
6862
6864
6865
6866
6870
6876
6878
6879
6880
6882
6886
6891
6892
6894
6897
6901
6902
6903
6905
6909
6912
6913
6915
6917
6918
6921
6922
6923
6924
6928
6929
6933
6934
6935
6936
6937
6939
6941
6944
6947
6952
6954
6955
6956
6958
6959
6960
6961
6962
6963
6966
6967
6968
6970
6971
6972
6973
6974
6976
6977
6980
6983
6984
6986
6990
6996
6997
7000
7001
7003
7005
7006
7009
7010
7012
7014
7015
7018
7019
7020
7022
7023
7026
7027
7028
7030
7031
7032
7037
7038
7042
7043
7046
7047
7048
7049
7050
7052
7054
7056
7059
7061
7062
7063
7065
7066
7067
7069
7070
7072
7073
7074
7078
7079
7081
7083
7088
7091
7094
7095
7096
7097
7099
7103
7104
7108
7109
7110
7111
7115
7118
7122
7127
7128
7130
7131
7132
7134
7136
7137
7138
7142
7143
7144
7145
7146
7148
7151
7153
7154
7155
7157
7158
7163
7166
7167
7169
7173
7176
7177
7178
7179
7184
7186
7187
7188
7189
7190
7193
7196
7197
7202
7203
7206
7207
7208
7212
7213
7214
7215
7218
7220
7221
7222
7224
7225
7227
7228
7229
7230
7231
7235
7236
7238
7240
7250
7252
7256
7258
7263
7265
7266
7267
7269
7270
7272
7273
7278
7279
7283
7284
7287
7288
7289
7291
7298
7299
7302
7304
7305
7310
7314
7315
7320
7323
7326
7327
7328
7334
7335
7336
7339
7340
7342
7345
7346
7348
7350
7352
7354
7356
7357
7358
7360
7361
7363
7370
7371
7376
7377
7378
7380
7381
7382
7386
7387
7388
7394
7395
7396
7398
7400
7403
7407
7409
7410
7413
7414
7415
7416
7419
7420
7422
7423
7427
7429
7430
7431
7432
7433
7434
7435
7437
7442
7444
7446
7450
7456
7457
7458
7462
7463
7465
7468
7469
7475
7479
7485
7486
7489
7490
7491
7498
7502
7503
7504
7506
7507
7509
7510
7511
7513
7514
7517
7518
7519
7523
7526
7527
7532
7533
7534
7535
7536
7539
7542
7543
7545
7546
7550
7552
7553
7554
7555
7559
7560
7564
7569
7570
7571
7572
7573
7575
7576
7577
7579
7580
7581
7582
7585
7586
7587
7589
7590
7592
7595
7596
7597
7603
7605
7608
7610
7611
7613
7614
7615
7618
7620
7621
7622
7623
7624
7626
7629
7630
7635
7636
7637
7644
7647
7648
7649
7650
7653
7655
7656
7658
7660
7661
7663
7666
7668
7669
7670
7672
7674
7681
7683
7684
7685
7688
7691
7693
7695
7696
7697
7701
7702
7703
7704
7706
7708
7710
7712
7713
7715
7716
7718
7719
7722
7724
7726
7730
7732
7734
7735
7736
7737
7739
7744
7745
7746
7747
7749
7750
7751
7752
7753
7754
7755
7756
7757
7759
7765
7766
7768
7769
7773
7774
7775
7776
7777
7778
7779
7783
7785
7787
7789
7790
7791
7792
7793
7796
7801
7805
7806
7807
7808
7809
7811
7813
7814
7815
7818
7823
7825
7829
7830
7831
7832
7834
7841
7842
7846
7847
7848
7852
7853
7856
7857
7858
7859
7860
7864
7865
7866
7868
7870
7872
7874
7880
7881
7882
7883
7884
7885
7886
7889
7890
7892
7894
7895
7897
7898
7901
7903
7907
7911
7918
7922
7924
7925
7927
7928
7931
7934
7935
7938
7940
7942
7944
7948
7950
7953
7955
7956
7957
7961
7962
7966
7969
7972
7974
7975
7976
7977
7978
7980
7983
7984
7985
7986
7988
7989
7992
7993
7994
7995
7997
7998
7999
8001
8003
8004
8005
8006
8007
8008
8009
8010
8013
8015
8016
8020
8021
8022
8023
8025
8026
8028
8030
8034
8037
8039
8040
8041
8044
8049
8050
8052
8054
8056
8058
8061
8062
8063
8065
8070
8071
8074
8079
8081
8082
8083
8090
8091
8093
8094
8096
8100
8101
8102
8104
8105
8106
8107
8108
8117
8118
8120
8123
8126
8128
8129
8130
8131
8132
8133
8141
8143
8144
8145
8147
8150
8152
8153
8154
8155
8156
8157
8159
8161
8167
8169
8171
8177
8185
8190
8197
8198
8199
8200
8201
8204
8208
8212
8213
8214
8219
8220
8221
8224
8228
8229
8230
8231
8232
8233
8234
8235
8236
8239
8240
8241
8243
8244
8246
8247
8248
8249
8251
8254
8255
8260
8262
8266
8271
8272
8275
8276
8277
8279
8281
8282
8283
8284
8285
8287
8289
8292
8293
8299
8300
8303
8304
8305
8307
8308
8311
8312
8313
8314
8316
8319
8322
8323
8325
8327
8330
8332
8334
8336
8338
8340
8341
8342
8344
8346
8349
8350
8352
8354
8355
8356
8359
8361
8362
8364
8365
8369
8370
8371
8372
8374
8376
8378
8382
8386
8389
8391
8393
8394
8395
8396
8397
8398
8399
8404
8405
8406
8407
8408
8409
8410
8411
8412
8414
8415
8419
8420
8422
8424
8425
8426
8427
8428
8429
8430
8431
8432
8433
8434
8435
8437
8439
8441
8442
8443
8444
8445
8446
8448
8451
8452
8455
8461
8462
8463
8464
8467
8469
8471
8474
8475
8476
8477
8479
8480
8482
8483
8484
8485
8489
8493
8495
8497
8501
8502
8504
8505
8506
8511
8512
8516
8517
8518
8521
8523
8528
8532
8537
8542
8543
8544
8545
8546
8547
8548
8550
8551
8555
8556
8561
8562
8563
8565
8566
8568
8571
8572
8574
8575
8577
8578
8582
8584
8585
8589
8590
8591
8592
8593
8594
8599
8600
8604
8605
8606
8607
8609
8610
8612
8617
8623
8625
8626
8629
8631
8634
8636
8638
8639
8640
8641
8642
8643
8645
8646
8647
8648
8649
8656
8657
8658
8659
8661
8662
8663
8665
8667
8668
8669
8671
8673
8674
8675
8678
8679
8681
8683
8685
8686
8687
8688
8689
8692
8695
8697
8698
8699
8700
8701
8705
8706
8708
8709
8710
8711
8712
8713
8714
8717
8720
8721
8725
8730
8731
8734
8735
8736
8737
8739
8741
8743
8744
8745
8748
8749
8750
8752
8753
8756
8758
8767
8768
8769
8770
8773
8775
8776
8777
8780
8781
8783
8788
8789
8790
8799
8800
8804
8806
8810
8811
8813
8814
8815
8819
8820
8822
8824
8825
8826
8831
8833
8840
8842
8843
8844
8845
8846
8847
8848
8850
8851
8852
8853
8854
8855
8856
8860
8862
8864
8865
8867
8871
8875
8876
8878
8879
8884
8885
8886
8888
8892
8893
8895
8896
8898
8899
8901
8908
8909
8910
8914
8918
8920
8926
8929
8930
8931
8934
8937
8938
8939
8943
8949
8950
8954
8955
8958
8961
8962
8969
8972
8974
8976
8980
8981
8983
8984
8987
8989
8991
8992
8994
8995
8997
8999
9001
9002
9005
9006
9008
9009
9016
9018
9019
9020
9022
9023
9025
9026
9030
9031
9035
9037
9039
9041
9042
9044
9045
9048
9051
9052
9057
9059
9061
9062
9063
9069
9071
9073
9076
9077
9078
9079
9082
9084
9085
9087
9088
9090
9093
9094
9095
9096
9098
9104
9105
9109
9110
9111
9112
9115
9118
9119
9120
9121
9124
9126
9128
9130
9131
9132
9133
9134
9137
9138
9139
9142
9143
9148
9149
9151
9153
9158
9159
9160
9161
9162
9163
9166
9167
9169
9171
9173
9175
9177
9179
9181
9182
9184
9185
9188
9189
9191
9192
9193
9196
9198
9201
9202
9204
9208
9213
9214
9215
9217
9225
9226
9227
9230
9233
9235
9236
9237
9239
9240
9241
9242
9247
9249
9250
9251
9253
9257
9258
9259
9260
9261
9262
9263
9267
9268
9269
9274
9275
9276
9277
9282
9285
9287
9289
9291
9293
9295
9296
9297
9298
9300
9305
9306
9307
9308
9310
9313
9314
9315
9317
9318
9320
9321
9326
9329
9332
9334
9335
9336
9337
9340
9341
9342
9344
9345
9346
9347
9352
9357
9358
9362
9364
9367
9368
9369
9370
9371
9372
9374
9375
9377
9379
9380
9381
9382
9383
9384
9385
9386
9388
9389
9390
9394
9395
9396
9397
9398
9399
9400
9404
9407
9410
9411
9412
9414
9415
9416
9418
9419
9420
9421
9422
9424
9426
9427
9428
9430
9432
9433
9434
9435
9436
9440
9442
9444
9446
9447
9448
9449
9454
9455
9456
9457
9458
9460
9462
9463
9464
9465
9466
9467
9468
9469
9470
9474
9476
9477
9479
9480
9486
9487
9489
9493
9494
9495
9496
9497
9499
9500
9505
9506
9509
9513
9514
9515
9520
9521
9528
9529
9531
9532
9533
9534
9536
9538
9539
9540
9542
9544
9545
9551
9552
9553
9555
9557
9560
9561
9565
9566
9570
9572
9574
9576
9579
9583
9584
9585
9590
9591
9593
9594
9595
9600
9601
9603
9606
9609
9610
9612
9617
9618
9619
9623
9624
9625
9626
9627
9628
9629
9630
9631
9632
9633
9634
9635
9636
9638
9640
9641
9644
9645
9647
9648
9649
9653
9656
9657
9664
9666
9667
9668
9669
9670
9673
9674
9675
9677
9678
9686
9688
9689
9690
9692
9693
9694
9695
9697
9698
9701
9704
9705
9706
9711
9714
9719
9720
9722
9723
9724
9726
9727
9729
9730
9731
9734
9735
9736
9737
9738
9742
9745
9746
9750
9751
9753
9755
9757
9758
9759
9761
9764
9766
9769
9770
9772
9774
9777
9778
9780
9783
9784
9785
9787
9789
9791
9792
9795
9796
9797
9799
9800
9802
9805
9807
9809
9810
9817
9818
9819
9820
9828
9829
9830
9831
9832
9833
9834
9840
9842
9844
9845
9846
9850
9855
9857
9860
9861
9864
9865
9866
9875
9877
9878
9879
9881
9883
9888
9891
9892
9895
9896
9897
9904
9905
9907
9909
9910
9912
9914
9918
9919
9920
9921
9923
9924
9925
9927
9930
9931
9940
9942
9943
9945
9946
9947
9948
9950
9953
9954
9955
9957
9958
9959
9960
9961
9965
9966
9968
9969
9970
9974
9975
9976
9977
9979
9981
9982
9985
9986
9987
9995
10001
10008
10012
10014
10015
10018
10019
10021
10023
10024
10025
10030
10031
10032
10034
10035
10037
10038
10042
10044
10045
10046
10047
10048
10050
10053
10055
10057
10058
10062
10063
10065
10069
10071
10072
10073
10074
10075
10079
10080
10082
10084
10085
10087
10088
10089
10094
10095
10097
10099
10100
10101
10102
10103
10108
10109
10110
10112
10118
10119
10121
10123
10125
10126
10128
10129
10136
10141
10142
10143
10144
10145
10146
10147
10148
10151
10152
10153
10154
10156
10159
10160
10161
10168
10171
10173
10176
10178
10180
10182
10186
10187
10190
10194
10195
10201
10205
10206
10207
10208
10212
10214
10215
10219
10221
10222
10223
10224
10226
10228
10229
10230
10231
10233
10235
10236
10239
10241
10243
10244
10246
10248
10249
10250
10252
10259
10260
10261
10262
10264
10268
10270
10271
10272
10273
10275
10283
10284
10285
10288
10294
10296
10297
10303
10305
10306
10308
10309
10310
10312
10313
10315
10316
10317
10320
10322
10326
10327
10330
10331
10332
10333
10335
10337
10338
10339
10340
10341
10343
10344
10352
10354
10357
10363
10364
10365
10367
10369
10370
10371
10372
10374
10375
10377
10378
10381
10383
10384
10386
10387
10388
10389
10390
10391
10392
10395
10399
10400
10401
10404
10405
10406
10407
10409
10413
10414
10415
10417
10419
10425
10426
10429
10431
10432
10434
10435
10436
10441
10442
10443
10446
10451
10453
10454
10456
10459
10461
10464
10467
10469
10471
10472
10474
10477
10480
10483
10484
10485
10486
10487
10488
10490
10491
10492
10494
10500
10503
10505
10507
10508
10513
10514
10516
10517
10519
10521
10523
10526
10527
10528
10529
10530
10533
10534
10537
10538
10539
10541
10542
10543
10544
10546
10548
10549
10550
10552
10553
10555
10556
10558
10559
10560
10561
10562
10566
10567
10570
10573
10574
10577
10579
10580
10581
10582
10583
10585
10586
10588
10589
10590
10592
10593
10594
10595
10598
10600
10603
10604
10607
10611
10613
10615
10616
10619
10620
10622
10624
10625
10627
10628
10630
10633
10639
10640
10643
10644
10648
10650
10654
10655
10656
10658
10659
10661
10662
10664
10667
10668
10669
10672
10673
10677
10680
10682
10684
10688
10693
10695
10698
10700
10702
10703
10705
10706
10712
10714
10716
10717
10718
10719
10728
10730
10731
10733
10734
10735
10738
10741
10744
10747
10750
10752
10754
10755
10756
10757
10758
10759
10763
10764
10765
10766
10768
10770
10772
10773
10776
10780
10781
10786
10792
10794
10795
10796
10797
10798
10801
10804
10806
10808
10810
10812
10815
10821
10822
10823
10825
10829
10830
10833
10834
10835
10836
10840
10841
10843
10845
10847
10849
10851
10852
10854
10856
10858
10859
10861
10862
10868
10869
10871
10874
10875
10876
10877
10880
10885
10887
10891
10893
10897
10900
10902
10903
10905
10906
10910
10911
10912
10913
10916
10917
10919
10921
10922
10923
10924
10926
10928
10930
10934
10935
10936
10945
10949
10950
10952
10953
10957
10958
10960
10962
10963
10965
10966
10968
10971
10972
10973
10974
10975
10978
10979
10980
10982
10983
10984
10986
10989
10994
10996
10998
10999
11000
11002
11003
11005
11006
11008
11009
11010
11011
11014
11016
11018
11019
11021
11024
11027
11028
11035
11039
11042
11044
11045
11046
11048
11053
11054
11056
11058
11060
11062
11064
11066
11068
11069
11070
11072
11075
11080
11081
11083
11091
11092
11093
11096
11098
11100
11102
11103
11104
11107
11108
11113
11114
11117
11120
11121
11125
11126
11129
11130
11131
11134
11136
11138
11140
11141
11142
11143
11146
11147
11148
11149
11150
11151
11155
11157
11159
11161
11163
11164
11169
11171
11172
11176
11177
11178
11179
11180
11181
11182
11184
11189
11191
11194
11195
11201
11202
11203
11206
11208
11209
11210
11211
11213
11214
11216
11217
11222
11224
11226
11227
11228
11230
11231
11232
11238
11239
11240
11241
11247
11249
11250
11251
11252
11254
11255
11256
11258
11261
11268
11271
11272
11275
11276
11277
11279
11282
11284
11285
11287
11288
11296
11297
11298
11299
11301
11305
11308
11309
11310
11312
11315
11317
11318
11320
11324
11326
11328
11332
11333
11336
11338
11342
11345
11347
11348
11351
11353
11354
11357
11358
11359
11362
11363
11364
11367
11368
11370
11371
11372
11373
11381
11384
11386
11387
11388
11390
11391
11393
11397
11400
11401
11402
11404
11408
11409
11410
11412
11414
11415
11416
11417
11420
11424
11425
11431
11433
11435
11438
11439
11441
11443
11445
11447
11449
11450
11451
11453
11454
11455
11456
11462
11463
11464
11465
11469
11471
11473
11476
11479
11481
11482
11483
11485
11487
11488
11489
11491
11492
11494
11498
11501
11503
11507
11508
11511
11516
11517
11519
11522
11523
11524
11525
11526
11531
11535
11539
11540
11545
11549
11550
11551
11553
11554
11556
11557
11559
11561
11564
11565
11567
11570
11571
11574
11578
11579
11582
11583
11585
11586
11587
11588
11589
11590
11593
11594
11598
11601
11602
11605
11606
11607
11609
11610
11613
11614
11617
11618
11619
11621
11622
11626
11633
11635
11636
11637
11638
11640
11641
11644
11649
11657
11661
11662
11663
11664
11670
11671
11672
11677
11678
11680
11683
11684
11685
11686
11687
11691
11693
11694
11697
11698
11699
11700
11701
11704
11705
11708
11712
11714
11715
11718
11719
11722
11723
11724
11726
11735
11737
11738
11739
11746
11747
11750
11751
11752
11753
11755
11757
11758
11759
11764
11772
11773
11776
11777
11778
11781
11782
11788
11790
11791
11794
11795
11798
11799
11800
11801
11802
11804
11807
11808
11810
11813
11819
11823
11824
11825
11826
11830
11831
11835
11837
11838
11841
11842
11846
11847
11850
11852
11853
11854
11856
11860
11862
11867
11868
11872
11878
11879
11881
11882
11883
11885
11886
11889
11890
11892
11893
11894
11895
11896
11897
11898
11899
11900
11902
11906
11910
11911
11912
11914
11915
11917
11920
11921
11925
11927
11931
11932
11933
11934
11935
11936
11938
11941
11943
11944
11947
11950
11953
11956
11957
11958
11960
11964
11966
11967
11968
11970
11972
11973
11977
11978
11980
11981
11983
11987
11989
11993
11994
11995
11996
11999
12002
12004
12005
12006
12008
12010
12012
12013
12016
12017
12018
12021
12022
12023
12026
12029
12030
12035
12037
12040
12042
12043
12045
12046
12047
12048
12052
12056
12057
12061
12062
12066
12067
12072
12073
12075
12079
12084
12085
12086
12087
12089
12093
12094
12097
12100
12102
12103
12106
12108
12114
12117
12119
12122
12125
12129
12132
12134
12135
12137
12139
12140
12143
12144
12145
12146
12148
12151
12152
12153
12155
12156
12157
12161
12162
12165
12167
12168
12169
12170
12171
12172
12174
12175
12178
12180
12181
12182
12184
12185
12187
12190
12191
12192
12195
12196
12197
12200
12204
12206
12210
12211
12213
12214
12215
12216
12217
12219
12221
12222
12224
12225
12232
12234
12236
12237
12238
12241
12244
12247
12250
12251
12253
12254
12257
12258
12259
12260
12263
12265
12266
12268
12269
12271
12272
12276
12278
12279
12283
12284
12286
12289
12290
12291
12294
12295
12297
12299
12301
12304
12308
12313
12314
12315
12316
12319
12322
12323
12325
12329
12333
12334
12337
12341
12343
12344
12346
12347
12349
12354
12355
12358
12361
12363
12364
12367
12368
12370
12371
12372
12373
12375
12376
12378
12380
12381
12384
12387
12388
12389
12390
12391
12392
12395
12396
12398
12402
12403
12407
12409
12410
12414
12416
12419
12420
12426
12427
12428
12430
12431
12436
12437
12439
12440
12442
12443
12444
12445
12446
12450
12451
12452
12457
12459
12461
12462
12463
12472
12475
12476
12477
12478
12479
12480
12481
12482
12484
12485
12486
12487
12488
12489
12490
12491
12492
12493
12496
12497
12498
12500
12503
12504
12505
12510
12511
12513
12514
12516
12518
12519
12521
12523
12524
12528
12530
12531
12532
12533
12534
12536
12539
12542
12543
12545
12546
12547
12548
12550
12551
12552
12554
12559
12560
12562
12567
12568
12569
12570
12571
12574
12578
12580
12581
12583
12584
12586
12588
12589
12590
12591
12592
12597
12600
12601
12604
12605
12606
12609
12612
12613
12617
12618
12621
12623
12624
12625
12628
12630
12631
12632
12633
12635
12636
12638
12639
12640
12641
12642
12643
12644
12646
12647
12648
12651
12652
12653
12654
12655
12657
12658
12659
12661
12663
12665
12667
12668
12670
12671
12674
12680
12684
12685
12686
12689
12690
12691
12692
12693
12694
12698
12699
12702
12703
12704
12705
12706
12707
12708
12709
12710
12711
12714
12716
12717
12718
12719
12722
12723
12726
12727
12729
12730
12731
12735
12736
12737
12739
12740
12742
12743
12744
12745
12747
12749
12750
12751
12752
12758
12760
12761
12763
12764
12765
12767
12768
12770
12772
12773
12774
12775
12779
12785
12786
12788
12790
12791
12793
12794
12796
12797
12799
12800
12801
12804
12805
12808
12809
12810
12815
12816
12821
12822
12823
12824
12827
12828
12830
12835
12836
12839
12843
12846
12848
12849
12850
12851
12856
12859
12860
12861
12863
12864
12867
12868
12869
12872
12873
12874
12876
12877
12878
12880
12882
12886
12887
12889
12892
12894
12896
12898
12901
12904
12910
12913
12915
12916
12917
12918
12925
12927
12928
12929
12930
12931
12932
12934
12935
12936
12937
12938
12939
12940
12941
12942
12943
12945
12948
12955
12960
12961
12964
12965
12967
12968
12971
12972
12973
12974
12975
12977
12979
12980
12981
12982
12983
12985
12991
12994
12995
12998
12999
13000
13003
13006
13007
13009
13012
13015
13016
13019
13020
13023
13025
13027
13028
13029
13031
13033
13034
13036
13038
13040
13041
13042
13045
13046
13048
13049
13057
13065
13069
13070
13072
13077
13081
13082
13084
13085
13086
13088
13091
13094
13095
13097
13098
13101
13104
13105
13106
13107
13108
13109
13110
13113
13114
13115
13116
13117
13118
13119
13121
13122
13123
13125
13126
13128
13129
13130
13132
13134
13135
13136
13139
13143
13145
13148
13155
13157
13158
13159
13160
13163
13167
13178
13181
13182
13184
13185
13186
13188
13192
13194
13197
13198
13199
13200
13201
13203
13204
13206
13208
13210
13218
13219
13222
13224
13225
13226
13228
13231
13234
13235
13239
13244
13248
13250
13253
13254
13256
13257
13258
13259
13260
13261
13265
13267
13280
13284
13285
13286
13287
13289
13292
13293
13294
13296
13298
13304
13306
13307
13308
13312
13313
13315
13323
13324
13326
13327
13328
13329
13330
13331
13333
13334
13335
13338
13339
13341
13342
13343
13344
13349
13350
13353
13355
13358
13359
13362
13366
13368
13369
13371
13372
13377
13379
13387
13391
13392
13393
13394
13395
13396
13402
13404
13409
13411
13413
13414
13420
13423
13426
13428
13431
13432
13434
13436
13440
13441
13443
13446
13447
13448
13450
13451
13454
13456
13457
13458
13459
13461
13466
13467
13468
13469
13473
13474
13475
13476
13477
13478
13485
13489
13490
13493
13496
13497
13501
13502
13505
13510
13512
13515
13517
13524
13526
13527
13528
13530
13536
13538
13539
13540
13541
13542
13544
13547
13548
13551
13553
13554
13556
13557
13560
13563
13564
13565
13567
13568
13569
13570
13573
13574
13576
13577
13578
13584
13585
13586
13589
13590
13591
13592
13593
13594
13595
13596
13597
13600
13601
13602
13604
13607
13609
13611
13613
13615
13617
13619
13620
13622
13625
13627
13628
13629
13631
13632
13634
13635
13636
13637
13638
13639
13640
13642
13645
13646
13651
13653
13664
13665
13669
13670
13674
13675
13677
13678
13680
13683
13687
13688
13689
13690
13692
13698
13699
13700
13702
13706
13709
13710
13713
13714
13720
13721
13722
13724
13725
13727
13729
13730
13732
13733
13735
13737
13738
13742
13745
13746
13749
13750
13754
13757
13758
13761
13763
13764
13765
13769
13770
13772
13773
13778
13781
13782
13783
13786
13788
13791
13792
13793
13794
13795
13797
13798
13800
13801
13803
13805
13806
13807
13808
13810
13811
13813
13816
13817
13818
13820
13824
13825
13830
13833
13835
13836
13838
13840
13845
13847
13848
13849
13852
13854
13856
13858
13860
13861
13862
13863
13868
13869
13873
13874
13877
13878
13879
13881
13882
13883
13884
13886
13888
13889
13893
13894
13896
13898
13900
13902
13904
13905
13907
13908
13912
13914
13917
13922
13924
13925
13926
13927
13928
13930
13931
13934
13935
13936
13939
13940
13941
13945
13948
13955
13957
13958
13959
13960
13961
13962
13964
13967
13968
13969
13970
13973
13974
13977
13978
13982
13983
13986
13991
13995
13996
13997
13999
14000
14003
14004
14005
14007
14011
14012
14016
14017
14018
14019
14023
14025
14028
14031
14033
14034
14038
14039
14040
14041
14044
14046
14048
14049
14050
14051
14054
14055
14057
14061
14062
14065
14070
14073
14074
14078
14079
14084
14086
14087
14089
14091
14093
14099
14101
14103
14105
14106
14111
14112
14116
14123
14124
14126
14128
14129
14133
14135
14138
14139
14140
14141
14142
14145
14147
14149
14151
14153
14155
14156
14157
14161
14162
14169
14170
14172
14173
14175
14176
14177
14180
14181
14182
14186
14187
14189
14190
14193
14196
14197
14198
14199
14200
14202
14204
14205
14207
14208
14213
14214
14217
14220
14222
14224
14228
14229
14230
14231
14232
14237
14238
14240
14242
14243
14250
14252
14253
14254
14258
14260
14261
14264
14275
14277
14280
14283
14284
14285
14286
14287
14291
14294
14296
14298
14299
14300
14301
14302
14306
14309
14310
14314
14315
14316
14317
14319
14320
14321
14322
14323
14325
14328
14329
14330
14333
14334
14335
14336
14341
14342
14346
14348
14349
14350
14352
14353
14354
14355
14356
14357
14358
14363
14364
14366
14367
14370
14373
14376
14377
14379
14383
14387
14391
14392
14397
14398
14399
14400
14402
14406
14407
14408
14409
14410
14411
14412
14413
14417
14419
14420
14421
14426
14428
14429
14430
14431
14433
14436
14438
14440
14443
14444
14446
14447
14448
14450
14452
14453
14454
14455
14456
14460
14461
14463
14465
14466
14467
14469
14473
14474
14475
14478
14479
14483
14484
14485
14488
14489
14490
14495
14500
14501
14502
14503
14504
14505
14506
14508
14510
14512
14514
14517
14518
14520
14527
14529
14531
14532
14533
14534
14535
14536
14537
14538
14541
14543
14544
14545
14547
14548
14549
14550
14551
14553
14554
14556
14558
14561
14563
14571
14572
14575
14578
14579
14580
14587
14589
14591
14592
14593
14594
14596
14598
14599
14600
14601
14603
14604
14605
14609
14611
14612
14613
14615
14617
14620
14622
14624
14625
14626
14628
14632
14633
14634
14636
14637
14638
14641
14644
14645
14646
14647
14648
14649
14651
14655
14656
14658
14660
14662
14663
14664
14671
14672
14679
14681
14684
14685
14686
14689
14690
14691
14692
14693
14694
14695
14696
14697
14698
14699
14700
14701
14703
14704
14705
14706
14708
14710
14713
14715
14716
14718
14719
14720
14721
14725
14728
14729
14731
14733
14736
14739
14740
14741
14743
14744
14745
14747
14751
14752
14754
14759
14760
14761
14763
14764
14766
14767
14768
14772
14774
14777
14779
14780
14781
14784
14785
14788
14792
14793
14798
14799
14806
14807
14808
14810
14811
14812
14814
14816
14817
14819
14822
14823
14824
14825
14827
14828
14829
14831
14833
14834
14835
14836
14837
14839
14843
14844
14845
14848
14849
14851
14853
14856
14857
14858
14859
14861
14866
14867
14872
14873
14874
14875
14877
14878
14883
14887
14888
14889
14890
14891
14894
14896
14897
14898
14900
14902
14904
14907
14909
14910
14911
14912
14914
14917
14918
14919
14924
14926
14928
14930
14932
14934
14935
14936
14939
14941
14944
14945
14946
14948
14950
14952
14954
14955
14957
14959
14962
14964
14966
14969
14971
14973
14984
14985
14986
14988
14991
14994
14996
14998
15002
15003
15006
15008
15009
15011
15014
15015
15016
15017
15018
15019
15020
15022
15023
15026
15027
15029
15030
15032
15033
15034
15035
15036
15038
15040
15041
15042
15044
15048
15049
15052
15055
15058
15061
15063
15068
15070
15072
15074
15076
15077
15079
15080
15081
15082
15083
15084
15086
15087
15089
15090
15091
15092
15097
15099
15106
15107
15108
15109
15110
15112
15114
15119
15121
15123
15125
15128
15130
15132
15133
15134
15135
15139
15140
15141
15142
15145
15146
15151
15152
15153
15154
15155
15157
15158
15159
15160
15161
15162
15163
15164
15168
15169
15170
15172
15173
15175
15176
15178
15180
15181
15182
15183
15185
15186
15187
15188
15189
15190
15191
15192
15193
15195
15199
15203
15206
15207
15211
15212
15213
15215
15218
15220
15222
15225
15226
15227
15228
15229
15231
15234
15236
15238
15241
15242
15245
15247
15248
15251
15253
15254
15255
15257
15259
15260
15264
15267
15269
15271
15277
15279
15282
15283
15284
15289
15292
15294
15295
15298
15304
15305
15308
15310
15311
15312
15313
15318
15319
15320
15321
15322
15324
15327
15331
15337
15339
15341
15348
15351
15352
15353
15357
15360
15364
15369
15370
15371
15372
15373
15375
15377
15378
15382
15385
15388
15389
15392
15393
15397
15404
15408
15409
15410
15411
15413
15414
15416
15417
15418
15419
15421
15422
15427
15428
15429
15430
15431
15435
15437
15439
15443
15444
15446
15447
15449
15452
15455
15457
15462
15464
15465
15466
15467
15469
15470
15471
15472
15476
15479
15480
15482
15485
15487
15488
15491
15493
15496
15499
15500
15501
15503
15507
15509
15510
15512
15515
15516
15518
15519
15521
15522
15524
15525
15526
15528
15532
15533
15534
15536
15538
15539
15542
15544
15545
15546
15549
15550
15552
15553
15557
15560
15563
15567
15569
15570
15580
15581
15582
15583
15587
15588
15594
15596
15597
15601
15604
15605
15607
15609
15610
15612
15613
15614
15615
15616
15617
15618
15619
15620
15623
15625
15627
15639
15640
15642
15643
15647
15648
15649
15650
15651
15652
15655
15656
15661
15663
15665
15669
15671
15673
15677
15680
15681
15682
15683
15686
15687
15692
15695
15696
15697
15703
15706
15708
15712
15715
15716
15718
15719
15720
15722
15725
15726
15729
15737
15740
15741
15742
15743
15744
15745
15746
15747
15750
15751
15752
15754
15756
15757
15758
15760
15762
15763
15765
15766
15767
15768
15771
15773
15776
15777
15778
15782
15786
15787
15788
15793
15795
15796
15798
15802
15806
15807
15809
15811
15812
15815
15816
15820
15829
15830
15831
15833
15835
15837
15839
15840
15841
15843
15844
15845
15846
15847
15851
15852
15855
15858
15861
15862
15865
15869
15871
15872
15874
15875
15877
15878
15880
15886
15889
15893
15900
15901
15903
15909
15914
15916
15918
15919
15920
15923
15924
15926
15927
15928
15930
15933
15934
15935
15938
15939
15942
15945
15946
15948
15950
15953
15954
15957
15958
15960
15961
15965
15966
15969
15972
15974
15976
15980
15981
15982
15983
15984
15985
15986
15991
15992
15993
15994
15995
15996
16002
16003
16005
16006
16007
16009
16011
16014
16015
16018
16023
16025
16028
16029
16032
16033
16037
16039
16042
16043
16045
16046
16048
16049
16050
16051
16055
16060
16061
16063
16067
16069
16071
16072
16074
16075
16078
16079
16080
16081
16082
16083
16084
16088
16089
16090
16092
16093
16094
16095
16096
16097
16105
16106
16107
16110
16114
16115
16116
16117
16120
16122
16123
16126
16127
16128
16129
16132
16135
16138
16140
16141
16143
16145
16147
16150
16152
16154
16155
16156
16158
16159
16160
16161
16162
16164
16165
16166
16167
16171
16173
16174
16177
16178
16183
16184
16188
16189
16192
16194
16197
16200
16202
16203
16205
16206
16208
16209
16211
16213
16215
16220
16221
16222
16224
16226
16228
16229
16230
16232
16234
16236
16237
16243
16244
16245
16247
16248
16249
16250
16253
16256
16257
16259
16262
16263
16264
16266
16268
16269
16270
16271
16272
16274
16276
16279
16280
16286
16289
16291
16292
16294
16295
16296
16297
16298
16300
16301
16305
16306
16307
16310
16311
16315
16316
16317
16319
16322
16323
16329
16331
16333
16334
16336
16343
16346
16348
16351
16352
16355
16356
16357
16358
16359
16360
16363
16364
16366
16368
16370
16371
16374
16375
16376
16377
16385
16388
16390
16391
16392
16393
16395
16400
16402
16403
16408
16410
16412
16415
16417
16421
16423
16424
16425
16428
16429
16430
16431
16432
16436
16438
16440
16441
16443
16445
16448
16452
16455
16456
16457
16460
16461
16462
16463
16466
16468
16469
16470
16471
16472
16473
16475
16477
16480
16482
16483
16485
16486
16487
16488
16490
16491
16494
16495
16499
16500
16501
16505
16511
16513
16514
16515
16516
16520
16525
16526
16527
16528
16529
16531
16533
16534
16535
16536
16537
16539
16540
16541
16544
16549
16551
16552
16553
16555
16557
16566
16567
16572
16573
16575
16577
16579
16581
16584
16585
16586
16587
16588
16589
16590
16591
16593
16594
16596
16597
16599
16600
16602
16607
16609
16610
16612
16613
16615
16616
16617
16620
16622
16624
16625
16631
16637
16640
16641
16643
16645
16646
16651
16652
16653
16655
16656
16657
16659
16663
16664
16665
16666
16667
16668
16671
16674
16676
16678
16680
16683
16687
16688
16689
16690
16691
16692
16693
16695
16697
16699
16703
16704
16705
16706
16707
16708
16710
16711
16716
16717
16718
16719
16721
16723
16724
16725
16726
16728
16729
16733
16734
16736
16737
16738
16739
16742
16744
16745
16746
16747
16749
16750
16753
16754
16756
16758
16760
16764
16765
16769
16775
16778
16782
16786
16790
16792
16793
16795
16796
16799
16801
16804
16805
16807
16809
16810
16811
16816
16817
16818
16819
16820
16822
16823
16824
16826
16827
16829
16830
16832
16833
16834
16835
16838
16840
16842
16844
16846
16848
16849
16850
16852
16860
16863
16866
16867
16869
16871
16872
16874
16875
16876
16878
16880
16881
16883
16884
16885
16891
16894
16899
16900
16901
16905
16908
16914
16916
16918
16919
16921
16922
16929
16931
16933
16934
16935
16936
16937
16939
16941
16945
16946
16948
16949
16950
16951
16962
16963
16965
16966
16967
16968
16969
16971
16975
16976
16977
16979
16980
16982
16983
16986
16988
16990
16991
16993
16995
16996
17000
17001
17002
17004
17005
17008
17014
17016
17017
17019
17020
17024
17026
17028
17029
17030
17031
17032
17035
17036
17037
17040
17043
17047
17048
17050
17051
17054
17055
17056
17057
17060
17061
17064
17065
17066
17067
17068
17071
17072
17073
17076
17078
17080
17082
17083
17087
17088
17089
17094
17097
17098
17099
17100
17101
17103
17106
17107
17108
17110
17114
17115
17117
17118
17119
17120
17122
17124
17127
17128
17129
17130
17131
17133
17135
17136
17138
17141
17143
17146
17149
17157
17160
17161
17164
17165
17166
17167
17169
17170
17171
17172
17174
17175
17177
17178
17179
17180
17183
17186
17187
17188
17189
17190
17193
17194
17197
17198
17199
17200
17204
17212
17213
17214
17215
17217
17219
17220
17221
17222
17223
17226
17227
17231
17233
17234
17236
17237
17242
17243
17244
17251
17252
17253
17255
17257
17258
17260
17261
17262
17263
17265
17267
17269
17270
17271
17272
17275
17277
17279
17283
17284
17288
17289
17290
17291
17296
17297
17303
17304
17305
17308
17309
17311
17312
17315
17317
17318
17319
17320
17321
17324
17326
17327
17328
17329
17330
17331
17332
17334
17335
17337
17338
17340
17341
17346
17348
17349
17354
17366
17367
17368
17370
17371
17373
17374
17375
17377
17378
17379
17380
17382
17383
17384
17387
17388
17391
17392
17393
17397
17398
17399
17400
17401
17402
17405
17407
17409
17410
17411
17413
17415
17416
17417
17418
17419
17420
17422
17423
17426
17428
17429
17435
17436
17437
17438
17439
17440
17443
17445
17449
17450
17452
17456
17459
17460
17461
17462
17465
17468
17469
17470
17471
17473
17478
17483
17484
17486
17488
17491
17492
17493
17495
17497
17498
17500
17504
17506
17507
17510
17511
17513
17519
17520
17524
17526
17529
17530
17531
17532
17534
17538
17542
17546
17548
17551
17552
17553
17554
17555
17556
17557
17558
17560
17561
17564
17566
17568
17570
17571
17572
17573
17574
17575
17578
17584
17587
17588
17591
17595
17596
17599
17601
17603
17610
17617
17618
17619
17630
17631
17633
17634
17635
17636
17637
17638
17639
17642
17643
17644
17645
17646
17649
17650
17651
17652
17653
17654
17656
17657
17665
17666
17668
17671
17677
17680
17683
17686
17687
17689
17690
17691
17693
17695
17696
17699
17703
17705
17710
17711
17712
17713
17718
17723
17724
17725
17726
17727
17728
17729
17730
17733
17734
17735
17736
17737
17738
17739
17741
17743
17745
17747
17749
17751
17752
17755
17758
17761
17762
17764
17765
17767
17770
17776
17779
17780
17782
17783
17785
17790
17792
17803
17805
17808
17810
17811
17813
17814
17815
17817
17819
17821
17822
17825
17826
17831
17832
17835
17838
17839
17840
17841
17843
17846
17847
17849
17851
17856
17858
17861
17863
17864
17865
17866
17870
17871
17872
17873
17874
17875
17878
17880
17882
17883
17884
17889
17891
17893
17896
17901
17902
17903
17904
17905
17909
17910
17912
17914
17915
17917
17919
17920
17926
17930
17932
17933
17934
17940
17942
17944
17948
17952
17953
17955
17956
17959
17962
17963
17964
17965
17966
17969
17970
17971
17972
17974
17975
17976
17977
17978
17979
17981
17982
17983
17984
17985
17986
17988
17992
17993
17994
17996
17997
17999
18005
18007
18010
18012
18013
18014
18015
18016
18018
18021
18026
18033
18035
18036
18037
18038
18039
18040
18041
18044
18045
18046
18047
18049
18052
18054
18055
18062
18066
18069
18070
18071
18072
18073
18074
18076
18077
18078
18079
18080
18082
18087
18090
18091
18093
18094
18098
18099
18100
18104
18106
18107
18110
18111
18118
18119
18120
18126
18127
18130
18131
18134
18135
18136
18141
18146
18148
18149
18150
18151
18155
18156
18157
18159
18160
18161
18169
18171
18173
18174
18179
18180
18181
18182
18183
18186
18188
18189
18190
18192
18196
18198
18200
18201
18204
18205
18206
18207
18213
18217
18218
18223
18224
18225
18226
18228
18229
18230
18233
18234
18235
18239
18243
18244
18246
18247
18248
18250
18251
18252
18253
18258
18259
18260
18261
18263
18264
18266
18267
18268
18269
18270
18271
18272
18273
18274
18276
18277
18281
18282
18285
18287
18288
18289
18292
18293
18294
18295
18300
18304
18305
18306
18311
18313
18316
18319
18320
18321
18326
18329
18330
18332
18333
18334
18339
18340
18341
18343
18344
18346
18348
18352
18353
18355
18357
18359
18360
18362
18364
18365
18367
18369
18370
18371
18372
18373
18374
18375
18378
18379
18380
18382
18383
18384
18386
18387
18389
18393
18394
18395
18396
18398
18400
18402
18403
18405
18407
18408
18409
18410
18412
18414
18415
18417
18420
18421
18424
18425
18428
18429
18431
18432
18434
18445
18446
18447
18449
18450
18451
18453
18454
18456
18458
18462
18463
18464
18465
18467
18476
18478
18479
18480
18481
18484
18485
18486
18487
18488
18489
18490
18491
18494
18496
18497
18498
18499
18501
18502
18505
18507
18508
18509
18511
18514
18515
18519
18520
18524
18525
18528
18531
18532
18534
18535
18536
18539
18541
18544
18545
18552
18554
18557
18558
18559
18560
18562
18563
18566
18568
18574
18576
18577
18582
18584
18585
18590
18592
18593
18594
18597
18599
18601
18604
18605
18606
18608
18611
18612
18613
18614
18620
18623
18624
18627
18629
18630
18633
18636
18637
18639
18640
18641
18647
18648
18649
18650
18651
18652
18653
18655
18656
18657
18658
18659
18660
18662
18663
18665
18668
18669
18670
18672
18673
18674
18675
18678
18680
18681
18682
18683
18684
18685
18686
18690
18692
18695
18696
18698
18700
18701
18702
18703
18705
18706
18707
18708
18713
18717
18718
18719
18721
18723
18726
18727
18728
18735
18736
18737
18738
18739
18740
18741
18743
18745
18746
18748
18750
18752
18753
18755
18756
18757
18758
18759
18761
18762
18763
18764
18766
18768
18769
18770
18773
18774
18780
18785
18786
18788
18793
18794
18796
18797
18805
18807
18809
18810
18811
18812
18813
18814
18817
18818
18819
18824
18825
18829
18831
18832
18833
18834
18836
18839
18840
18842
18843
18844
18846
18849
18850
18851
18853
18854
18855
18856
18858
18859
18860
18861
18866
18868
18870
18871
18876
18877
18887
18889
18891
18892
18898
18900
18902
18907
18909
18911
18912
18913
18915
18916
18918
18920
18921
18923
18929
18930
18932
18934
18935
18938
18939
18941
18942
18943
18948
18949
18950
18952
18954
18957
18958
18960
18961
18963
18966
18968
18970
18972
18974
18975
18976
18977
18978
18982
18985
18986
18987
18990
18991
18993
18994
18995
18997
18998
19000
19001
19004
19007
19008
19014
19015
19017
19018
19019
19020
19022
19023
19024
19025
19027
19028
19033
19035
19036
19037
19039
19042
19047
19048
19051
19055
19056
19059
19060
19070
19072
19073
19074
19075
19076
19081
19082
19083
19084
19086
19088
19089
19093
19094
19103
19104
19106
19107
19108
19109
19112
19115
19116
19122
19123
19127
19128
19129
19130
19134
19138
19139
19142
19144
19145
19149
19154
19158
19159
19161
19163
19165
19166
19169
19170
19172
19175
19177
19179
19181
19182
19185
19190
19197
19200
19204
19210
19211
19212
19214
19215
19216
19220
19221
19222
19223
19226
19228
19230
19233
19235
19237
19239
19240
19241
19242
19245
19246
19247
19249
19250
19251
19252
19253
19255
19256
19260
19262
19263
19268
19269
19271
19277
19281
19283
19286
19289
19290
19291
19292
19294
19295
19296
19299
19300
19303
19304
19305
19306
19307
19309
19310
19311
19312
19313
19315
19318
19319
19322
19323
19325
19329
19334
19335
19339
19340
19343
19347
19348
19349
19352
19353
19355
19356
19357
19359
19360
19362
19364
19365
19368
19369
19370
19371
19372
19374
19377
19378
19379
19380
19384
19386
19387
19388
19390
19391
19395
19397
19399
19402
19403
19404
19408
19409
19411
19412
19419
19420
19421
19422
19423
19425
19426
19427
19429
19430
19434
19436
19438
19439
19443
19445
19448
19450
19452
19454
19455
19456
19458
19460
19463
19464
19466
19472
19474
19475
19476
19478
19480
19481
19483
19486
19488
19491
19492
19494
19495
19498
19499
19500
19501
19502
19503
19504
19505
19508
19516
19518
19521
19522
19523
19524
19525
19528
19532
19533
19537
19538
19540
19544
19546
19549
19551
19556
19558
19560
19561
19563
19566
19567
19572
19574
19575
19581
19582
19583
19584
19586
19587
19588
19589
19590
19592
19593
19596
19599
19602
19603
19604
19605
19606
19607
19609
19610
19611
19614
19615
19618
19619
19620
19622
19626
19628
19631
19632
19633
19634
19636
19639
19640
19641
19643
19645
19646
19647
19648
19651
19654
19655
19657
19659
19661
19664
19668
19671
19672
19677
19679
19680
19681
19685
19687
19688
19689
19691
19704
19706
19707
19710
19711
19714
19715
19716
19718
19720
19723
19725
19726
19727
19729
19731
19732
19733
19739
19740
19742
19745
19746
19753
19757
19759
19761
19763
19764
19765
19767
19769
19773
19774
19775
19776
19777
19779
19784
19786
19787
19790
19791
19794
19796
19798
19799
19800
19801
19803
19804
19805
19808
19810
19811
19812
19816
19817
19818
19820
19821
19824
19825
19826
19827
19828
19834
19835
19839
19840
19842
19846
19847
19848
19849
19850
19854
19855
19856
19857
19859
19861
19866
19867
19868
19870
19872
19874
19876
19877
19878
19880
19881
19882
19883
19884
19886
19889
19890
19893
19894
19895
19898
19900
19901
19902
19903
19905
19906
19907
19909
19910
19912
19914
19915
19920
19921
19922
19924
19926
19929
19930
19933
19934
19936
19938
19940
19942
19946
19947
19949
19953
19954
19955
19958
19960
19961
19963
19966
19967
19971
19972
19974
19975
19976
19977
19982
19985
19986
19987
19988
19989
19993
19995
19997
19998
19999
20001
20002
20007
20008
20016
20017
20018
20020
20022
20023
20024
20025
20026
20028
20029
20030
20031
20032
20033
20034
20035
20038
20039
20043
20045
20046
20050
20051
20052
20053
20054
20055
20056
20058
20062
20064
20066
20067
20068
20069
20075
20077
20079
20082
20087
20094
20097
20100
20103
20106
20107
20108
20109
20110
20112
20113
20115
20116
20117
20118
20120
20121
20122
20123
20126
20128
20130
20132
20134
20137
20138
20139
20141
20144
20145
20147
20149
20152
20154
20158
20159
20160
20162
20164
20168
20169
20170
20171
20172
20174
20177
20178
20179
20180
20182
20186
20189
20190
20194
20196
20197
20198
20199
20203
20205
20206
20208
20210
20211
20213
20215
20216
20221
20223
20224
20226
20230
20232
20233
20237
20239
20240
20242
20244
20245
20247
20253
20256
20258
20260
20262
20263
20265
20266
20268
20269
20272
20276
20277
20278
20279
20281
20282
20283
20286
20290
20291
20292
20297
20305
20307
20310
20311
20313
20315
20319
20321
20322
20323
20325
20328
20330
20331
20333
20335
20336
20339
20340
20341
20342
20344
20345
20350
20352
20359
20360
20361
20363
20365
20366
20367
20368
20370
20372
20373
20374
20377
20383
20384
20385
20386
20389
20390
20397
20398
20401
20405
20406
20407
20408
20410
20412
20415
20417
20418
20420
20421
20422
20423
20425
20427
20429
20432
20435
20437
20440
20441
20442
20443
20444
20447
20449
20451
20454
20455
20460
20462
20463
20464
20465
20466
20469
20473
20479
20481
20484
20487
20491
20495
20497
20498
20500
20503
20505
20508
20509
20510
20511
20514
20515
20518
20520
20524
20525
20527
20528
20529
20530
20533
20534
20535
20537
20540
20542
20543
20545
20546
20547
20548
20549
20552
20553
20554
20557
20561
20565
20566
20567
20568
20571
20572
20579
20580
20582
20585
20586
20587
20588
20592
20593
20595
20596
20597
20598
20600
20602
20603
20604
20605
20608
20609
20610
20611
20612
20614
20615
20619
20620
20622
20623
20626
20627
20628
20629
20630
20631
20632
20633
20634
20635
20637
20638
20639
20640
20641
20642
20643
20645
20648
20649
20650
20651
20652
20655
20656
20658
20660
20661
20663
20664
20666
20667
20672
20673
20676
20683
20686
20688
20689
20690
20694
20695
20696
20698
20700
20702
20703
20704
20706
20707
20708
20712
20715
20716
20717
20718
20724
20726
20728
20731
20732
20736
20737
20739
20740
20741
20746
20748
20749
20750
20752
20754
20756
20757
20760
20763
20764
20765
20766
20767
20770
20771
20773
20776
20777
20778
20780
20783
20784
20785
20788
20790
20793
20794
20796
20800
20807
20810
20812
20813
20819
20822
20824
20826
20830
20833
20835
20838
20840
20841
20843
20846
20847
20849
20850
20851
20854
20857
20859
20860
20861
20862
20865
20866
20869
20870
20872
20874
20875
20876
20879
20881
20883
20889
20892
20897
20898
20900
20903
20906
20907
20908
20910
20913
20915
20918
20919
20923
20927
20929
20930
20931
20932
20935
20936
20940
20941
20946
20951
20954
20956
20957
20959
20961
20962
20963
20966
20967
20968
20970
20971
20972
20973
20977
20979
20980
20983
20985
20986
20988
20989
20992
20994
20995
20998
20999
21000
21002
21003
21004
21007
21009
21010
21011
21014
21015
21018
21021
21022
21027
21029
21030
21032
21033
21035
21036
21037
21039
21040
21041
21044
21047
21049
21051
21052
21053
21054
21055
21057
21059
21060
21066
21067
21070
21071
21072
21078
21081
21085
21086
21087
21089
21091
21098
21100
21101
21102
21105
21107
21108
21111
21113
21115
21116
21117
21119
21121
21124
21125
21126
21127
21128
21129
21130
21131
21134
21136
21137
21140
21143
21144
21146
21147
21150
21151
21152
21155
21158
21160
21161
21163
21164
21167
21169
21172
21174
21176
21178
21180
21187
21190
21191
21192
21197
21198
21199
21200
21206
21208
21209
21212
21213
21215
21217
21218
21220
21223
21224
21228
21229
21230
21231
21234
21236
21237
21242
21243
21246
21248
21250
21255
21258
21259
21261
21262
21264
21266
21268
21269
21270
21272
21275
21278
21279
21281
21282
21283
21285
21288
21290
21291
21293
21298
21299
21304
21306
21307
21309
21316
21318
21320
21328
21330
21331
21333
21334
21339
21341
21342
21343
21345
21352
21353
21354
21360
21362
21364
21366
21370
21374
21375
21376
21379
21380
21381
21382
21383
21385
21389
21391
21392
21394
21396
21397
21398
21399
21400
21403
21404
21410
21411
21416
21427
21428
21429
21430
21431
21432
21434
21436
21437
21438
21439
21441
21443
21444
21445
21446
21448
21449
21450
21451
21452
21456
21457
21460
21461
21464
21467
21468
21469
21470
21471
21472
21474
21479
21482
21484
21485
21487
21488
21491
21494
21497
21499
21504
21506
21508
21509
21511
21512
21518
21520
21521
21524
21525
21527
21529
21530
21531
21532
21533
21534
21537
21538
21540
21541
21542
21543
21545
21548
21549
21553
21557
21560
21564
21565
21567
21571
21575
21576
21579
21581
21582
21583
21584
21585
21587
21588
21589
21593
21594
21597
21598
21601
21604
21606
21608
21610
21611
21616
21618
21619
21621
21622
21624
21625
21626
21627
21628
21630
21632
21633
21635
21639
21640
21642
21644
21649
21652
21653
21655
21656
21657
21659
21660
21662
21664
21665
21666
21668
21669
21670
21674
21678
21679
21680
21681
21682
21685
21687
21688
21691
21692
21694
21696
21697
21700
21701
21703
21705
21706
21708
21711
21713
21715
21717
21718
21719
21722
21723
21725
21727
21728
21731
21732
21733
21734
21736
21737
21738
21739
21741
21744
21745
21746
21748
21750
21751
21752
21753
21757
21758
21761
21763
21768
21769
21770
21776
21778
21781
21782
21783
21786
21787
21789
21791
21793
21795
21797
21798
21800
21802
21803
21804
21809
21811
21813
21814
21815
21816
21820
21821
21822
21826
21831
21832
21834
21837
21838
21840
21841
21842
21844
21845
21847
21851
21854
21862
21863
21864
21865
21866
21867
21868
21869
21872
21875
21877
21878
21880
21882
21883
21885
21888
21889
21891
21897
21901
21902
21904
21907
21908
21912
21913
21917
21919
21921
21922
21923
21928
21931
21933
21938
21940
21941
21943
21944
21947
21950
21952
21956
21960
21961
21964
21966
21968
21970
21973
21974
21975
21976
21978
21981
21982
21983
21984
21987
21988
21989
21990
21991
21992
21998
21999
22000
22002
22007
22008
22010
22011
22012
22014
22015
22016
22017
22018
22019
22023
22025
22026
22027
22030
22031
22032
22033
22034
22038
22046
22049
22050
22052
22053
22054
22055
22059
22060
22065
22067
22068
22069
22070
22071
22072
22073
22075
22080
22081
22082
22084
22085
22086
22088
22089
22090
22091
22093
22096
22097
22099
22101
22105
22106
22107
22109
22110
22114
22115
22117
22120
22125
22126
22127
22128
22129
22130
22131
22132
22134
22135
22136
22144
22145
22146
22147
22150
22151
22152
22153
22155
22156
22157
22158
22160
22162
22164
22165
22166
22168
22170
22172
22181
22183
22184
22185
22186
22187
22189
22190
22192
22193
22194
22195
22196
22198
22199
22200
22201
22202
22203
22206
22208
22214
22215
22217
22222
22224
22228
22229
22231
22234
22236
22238
22239
22240
22242
22243
22245
22246
22250
22252
22253
22257
22258
22259
22260
22263
22266
22269
22270
22271
22274
22275
22277
22280
22281
22282
22284
22285
22287
22288
22289
22290
22291
22292
22294
22295
22298
22299
22300
22301
22302
22303
22306
22307
22310
22311
22314
22317
22319
22322
22326
22327
22328
22329
22333
22334
22336
22338
22339
22342
22343
22346
22348
22350
22353
22354
22356
22357
22358
22361
22367
22369
22371
22372
22374
22375
22376
22378
22380
22382
22384
22387
22389
22390
22394
22395
22396
22398
22399
22404
22407
22414
22416
22423
22426
22429
22430
22431
22435
22440
22441
22443
22444
22445
22446
22447
22448
22450
22453
22454
22455
22458
22459
22460
22463
22468
22469
22470
22471
22476
22478
22479
22482
22483
22484
22485
22491
22493
22497
22500
22501
22503
22504
22505
22506
22507
22508
22509
22513
22514
22515
22517
22521
22523
22524
22526
22527
22528
22529
22530
22533
22534
22535
22538
22539
22540
22543
22545
22546
22547
22550
22551
22552
22555
22558
22560
22562
22563
22564
22565
22566
22569
22574
22575
22576
22577
22578
22580
22582
22583
22586
22589
22591
22594
22598
22601
22603
22607
22608
22610
22613
22614
22615
22617
22618
22620
22622
22625
22630
22631
22632
22633
22635
22639
22642
22643
22644
22645
22648
22650
22651
22655
22656
22658
22660
22663
22665
22666
22667
22668
22670
22671
22673
22675
22676
22677
22680
22684
22685
22687
22689
22691
22693
22694
22699
22700
22701
22702
22704
22705
22707
22710
22716
22717
22718
22720
22721
22722
22724
22730
22731
22732
22734
22736
22737
22742
22743
22744
22747
22749
22751
22753
22755
22757
22758
22759
22761
22767
22768
22769
22777
22779
22780
22781
22782
22783
22787
22788
22789
22792
22794
22795
22798
22799
22800
22802
22805
22807
22810
22814
22815
22816
22817
22818
22820
22821
22822
22823
22825
22826
22829
22831
22832
22834
22836
22837
22838
22839
22841
22842
22844
22847
22851
22853
22854
22856
22857
22859
22860
22861
22862
22863
22866
22870
22876
22880
22881
22882
22884
22888
22889
22891
22892
22894
22895
22897
22899
22901
22904
22906
22907
22909
22911
22916
22917
22919
22920
22921
22922
22924
22927
22928
22934
22937
22938
22940
22942
22943
22944
22946
22947
22948
22949
22951
22956
22957
22958
22959
22961
22964
22965
22967
22972
22973
22974
22975
22976
22977
22978
22979
22980
22982
22986
22988
22991
22993
22995
22998
22999
23002
23004
23005
23010
23013
23018
23021
23022
23023
23025
23027
23031
23032
23036
23037
23039
23040
23041
23043
23044
23049
23052
23055
23056
23058
23059
23060
23063
23064
23066
23067
23070
23071
23072
23074
23076
23078
23081
23083
23086
23088
23089
23092
23094
23095
23104
23105
23106
23109
23110
23111
23112
23113
23114
23124
23128
23129
23131
23132
23133
23135
23136
23138
23139
23140
23143
23145
23146
23147
23148
23149
23151
23153
23154
23155
23157
23158
23159
23162
23163
23165
23169
23171
23173
23175
23176
23178
23179
23182
23184
23188
23189
23190
23198
23200
23203
23205
23206
23207
23208
23209
23215
23216
23217
23218
23222
23223
23225
23227
23229
23231
23232
23233
23235
23237
23238
23239
23240
23241
23244
23247
23249
23251
23252
23253
23254
23255
23257
23260
23262
23265
23266
23271
23272
23274
23276
23278
23280
23285
23288
23289
23290
23294
23297
23299
23300
23307
23309
23313
23314
23315
23316
23317
23318
23322
23323
23329
23332
23333
23339
23345
23346
23349
23351
23352
23353
23354
23356
23357
23358
23360
23362
23363
23364
23365
23366
23367
23368
23370
23371
23374
23375
23376
23378
23379
23382
23383
23384
23386
23389
23390
23392
23395
23398
23400
23401
23404
23405
23406
23407
23408
23410
23412
23414
23420
23422
23424
23428
23432
23433
23435
23438
23439
23440
23441
23442
23443
23445
23446
23447
23448
23452
23453
23456
23458
23460
23461
23462
23463
23465
23472
23473
23477
23478
23482
23484
23485
23487
23489
23490
23491
23492
23495
23496
23501
23504
23506
23508
23509
23510
23517
23520
23521
23523
23526
23527
23528
23530
23532
23533
23534
23540
23541
23543
23546
23547
23551
23554
23556
23558
23560
23562
23563
23564
23565
23567
23570
23571
23572
23573
23579
23581
23584
23585
23586
23587
23589
23590
23592
23593
23597
23600
23601
23602
23603
23606
23609
23610
23611
23614
23617
23619
23622
23623
23625
23629
23631
23632
23635
23638
23639
23641
23642
23643
23644
23645
23647
23650
23651
23655
23656
23658
23663
23668
23673
23676
23677
23679
23681
23682
23683
23684
23685
23688
23692
23693
23696
23697
23698
23699
23702
23706
23708
23709
23710
23711
23712
23713
23714
23715
23717
23719
23722
23723
23726
23728
23729
23731
23732
23733
23734
23735
23738
23740
23741
23742
23746
23748
23753
23754
23755
23756
23758
23760
23766
23770
23771
23773
23774
23778
23780
23784
23785
23787
23788
23791
23792
23793
23794
23795
23796
23799
23800
23801
23802
23803
23805
23815
23818
23820
23822
23823
23828
23830
23831
23834
23839
23840
23846
23847
23848
23850
23854
23855
23856
23859
23860
23861
23862
23863
23866
23867
23868
23869
23870
23873
23874
23875
23876
23881
23882
23884
23887
23888
23891
23894
23895
23896
23900
23901
23907
23910
23911
23912
23913
23919
23920
23921
23922
23923
23930
23933
23934
23935
23937
23939
23940
23942
23944
23946
23947
23949
23952
23953
23954
23958
23960
23964
23966
23967
23976
23977
23980
23982
23985
23986
23989
23990
23991
23992
23994
23997
24003
24004
24012
24013
24014
24016
24018
24022
24025
24027
24029
24031
24032
24039
24040
24041
24042
24044
24046
24047
24048
24049
24055
24060
24062
24063
24065
24066
24067
24069
24072
24073
24075
24078
24081
24082
24085
24086
24089
24090
24092
24093
24097
24098
24099
24100
24102
24105
24106
24108
24109
24110
24113
24124
24125
24128
24130
24132
24134
24137
24138
24139
24140
24143
24148
24149
24153
24154
24155
24156
24162
24169
24170
24171
24173
24174
24175
24180
24181
24182
24184
24185
24190
24191
24192
24193
24198
24200
24203
24210
24211
24214
24215
24218
24224
24229
24230
24232
24234
24235
24239
24241
24243
24244
24245
24246
24247
24250
24251
24252
24253
24254
24255
24256
24257
24261
24263
24265
24268
24270
24272
24277
24278
24281
24285
24286
24287
24288
24290
24291
24292
24294
24296
24300
24301
24302
24306
24307
24309
24311
24313
24314
24315
24318
24321
24323
24330
24331
24337
24339
24340
24342
24345
24346
24347
24349
24350
24351
24353
24357
24360
24362
24363
24364
24365
24367
24368
24369
24371
24372
24373
24374
24375
24376
24383
24384
24387
24388
24389
24393
24394
24397
24398
24402
24403
24404
24409
24412
24413
24415
24417
24420
24421
24423
24424
24425
24428
24429
24430
24431
24432
24434
24436
24437
24439
24445
24447
24448
24449
24450
24451
24453
24455
24456
24460
24462
24465
24466
24467
24469
24471
24472
24474
24475
24477
24478
24479
24480
24481
24483
24484
24485
24487
24489
24491
24494
24495
24496
24497
24498
24499
24500
24501
24502
24507
24510
24512
24513
24514
24516
24519
24520
24521
24524
24528
24529
24533
24536
24539
24541
24543
24544
24545
24546
24547
24548
24549
24551
24553
24554
24556
24559
24564
24570
24571
24573
24574
24575
24578
24579
24580
24582
24583
24585
24587
24590
24591
24594
24595
24596
24598
24599
24600
24601
24607
24609
24610
24612
24614
24619
24620
24621
24623
24626
24629
24630
24636
24638
24639
24643
24646
24647
24648
24650
24651
24656
24661
24662
24663
24664
24665
24667
24668
24673
24675
24676
24680
24683
24684
24685
24686
24688
24689
24690
24693
24697
24699
24700
24701
24702
24704
24705
24706
24708
24709
24710
24711
24712
24713
24714
24716
24717
24719
24720
24721
24723
24726
24727
24728
24730
24732
24740
24745
24746
24749
24751
24753
24754
24755
24756
24759
24761
24762
24763
24766
24767
24769
24771
24773
24777
24778
24779
24780
24781
24783
24785
24787
24788
24792
24793
24794
24796
24798
24802
24803
24804
24805
24806
24808
24809
24810
24812
24817
24822
24823
24825
24826
24827
24828
24832
24833
24836
24838
24839
24840
24841
24842
24844
24845
24846
24847
24848
24851
24852
24855
24856
24858
24860
24863
24864
24865
24866
24867
24870
24871
24872
24873
24876
24878
24879
24881
24883
24884
24885
24887
24890
24891
24892
24893
24895
24896
24898
24900
24905
24909
24910
24914
24922
24923
24926
24927
24928
24929
24930
24931
24936
24938
24939
24943
24945
24946
24948
24951
24952
24953
24954
24957
24962
24964
24967
24970
24971
24972
24975
24977
24978
24982
24983
24984
24986
24987
24990
24991
24992
24997
25000
25001
25002
25004
25005
25007
25010
25011
25013
25014
25015
25019
25021
25023
25025
25027
25028
25030
25031
25032
25033
25034
25035
25036
25037
25038
25048
25049
25053
25054
25056
25057
25060
25066
25068
25069
25070
25071
25076
25078
25079
25082
25084
25086
25093
25094
25097
25098
25099
25100
25101
25102
25103
25113
25123
25124
25126
25127
25129
25131
25132
25134
25135
25136
25137
25138
25140
25141
25144
25145
25147
25148
25151
25154
25156
25157
25158
25159
25163
25164
25166
25169
25176
25179
25183
25184
25185
25186
25188
25190
25191
25195
25196
25197
25198
25199
25201
25202
25212
25214
25215
25216
25219
25221
25222
25224
25227
25233
25236
25237
25238
25239
25244
25246
25247
25248
25249
25252
25253
25254
25256
25260
25263
25264
25265
25266
25267
25270
25272
25274
25277
25280
25281
25282
25283
25284
25288
25289
25292
25293
25294
25301
25302
25303
25306
25307
25312
25313
25314
25315
25323
25325
25327
25331
25332
25333
25336
25339
25341
25342
25344
25345
25346
25347
25351
25354
25360
25362
25363
25364
25365
25368
25371
25373
25375
25376
25377
25378
25379
25380
25381
25382
25383
25387
25389
25390
25391
25396
25397
25399
25400
25401
25403
25407
25408
25410
25412
25414
25417
25418
25419
25420
25421
25422
25424
25425
25427
25429
25433
25437
25441
25442
25447
25450
25452
25453
25456
25457
25462
25463
25466
25469
25472
25473
25475
25476
25481
25484
25485
25487
25488
25489
25491
25495
25496
25497
25500
25502
25503
25504
25506
25507
25508
25511
25512
25515
25522
25524
25527
25528
25529
25530
25531
25533
25534
25536
25537
25538
25539
25542
25544
25546
25547
25548
25549
25550
25553
25554
25557
25560
25564
25565
25566
25567
25568
25569
25570
25573
25574
25575
25577
25580
25581
25583
25585
25586
25588
25590
25594
25597
25600
25601
25602
25603
25604
25605
25608
25609
25610
25611
25613
25616
25618
25619
25624
25629
25630
25631
25632
25633
25635
25636
25638
25639
25642
25644
25648
25650
25652
25654
25660
25663
25664
25665
25668
25669
25672
25673
25675
25676
25677
25680
25682
25685
25686
25687
25690
25691
25692
25695
25697
25698
25701
25702
25703
25704
25705
25708
25709
25712
25713
25716
25719
25720
25721
25725
25726
25727
25728
25729
25730
25732
25734
25736
25741
25742
25746
25750
25751
25752
25755
25757
25759
25760
25762
25763
25765
25766
25768
25770
25773
25774
25776
25777
25779
25782
25783
25784
25785
25786
25787
25791
25795
25796
25798
25801
25802
25806
25811
25813
25814
25816
25818
25821
25822
25823
25824
25826
25827
25828
25829
25830
25831
25833
25835
25837
25839
25841
25843
25845
25847
25848
25852
25853
25854
25857
25858
25859
25862
25863
25864
25865
25866
25868
25869
25871
25872
25874
25881
25882
25883
25884
25885
25886
25889
25890
25891
25893
25894
25895
25897
25898
25900
25904
25905
25906
25907
25911
25912
25916
25917
25918
25919
25924
25927
25929
25932
25934
25936
25937
25939
25942
25946
25947
25948
25949
25951
25955
25959
25960
25961
25963
25965
25966
25968
25969
25971
25972
25974
25977
25979
25981
25984
25985
25989
25990
25992
25993
25996
25997
25999
26000
26001
26002
26004
26007
26008
26011
26012
26013
26014
26015
26016
26017
26020
26021
26023
26025
26027
26028
26029
26031
26032
26033
26035
26037
26039
26042
26043
26049
26050
26055
26056
26058
26059
26060
26063
26064
26065
26066
26067
26070
26074
26078
26079
26080
26082
26084
26085
26090
26094
26095
26106
26108
26110
26113
26114
26115
26118
26120
26122
26123
26124
26125
26126
26127
26128
26129
26130
26131
26137
26139
26140
26142
26143
26144
26145
26149
26150
26156
26157
26162
26165
26166
26167
26170
26171
26175
26181
26182
26183
26184
26185
26186
26187
26191
26193
26196
26197
26202
26203
26204
26209
26212
26213
26215
26216
26218
26222
26223
26224
26225
26230
26232
26233
26234
26235
26238
26239
26240
26242
26243
26244
26247
26248
26251
26252
26255
26258
26260
26262
26265
26266
26267
26272
26273
26274
26275
26277
26279
26282
26284
26287
26293
26296
26298
26300
26301
26303
26305
26307
26308
26310
26311
26313
26314
26316
26318
26319
26321
26323
26325
26327
26328
26329
26333
26334
26339
26340
26342
26346
26347
26348
26349
26351
26352
26353
26354
26356
26358
26359
26361
26364
26365
26369
26370
26372
26373
26376
26379
26380
26382
26385
26386
26387
26388
26390
26391
26394
26398
26399
26403
26404
26406
26408
26409
26411
26419
26420
26423
26424
26425
26427
26431
26436
26437
26439
26440
26444
26446
26447
26449
26450
26451
26452
26454
26455
26458
26459
26461
26469
26470
26471
26472
26473
26474
26479
26480
26483
26486
26488
26492
26495
26496
26501
26503
26508
26509
26515
26516
26517
26518
26520
26521
26523
26527
26529
26531
26534
26535
26537
26538
26540
26541
26543
26545
26547
26548
26549
26550
26553
26556
26558
26559
26560
26561
26570
26575
26576
26579
26581
26582
26583
26584
26586
26589
26593
26597
26600
26601
26602
26603
26604
26607
26609
26612
26614
26617
26619
26620
26621
26623
26624
26625
26627
26630
26631
26633
26635
26637
26638
26639
26642
26643
26647
26648
26653
26654
26658
26659
26660
26663
26665
26667
26668
26669
26670
26671
26673
26679
26684
26685
26686
26687
26689
26690
26696
26697
26698
26700
26701
26703
26705
26706
26712
26713
26715
26718
26719
26725
26728
26729
26730
26731
26733
26735
26736
26737
26742
26743
26744
26747
26748
26749
26751
26752
26753
26755
26760
26761
26762
26763
26764
26765
26772
26773
26774
26775
26776
26777
26778
26779
26780
26781
26785
26786
26787
26789
26791
26792
26793
26796
26798
26800
26803
26805
26806
26808
26809
26810
26814
26815
26817
26820
26821
26822
26825
26827
26830
26831
26832
26834
26836
26839
26840
26842
26843
26848
26850
26851
26852
26854
26855
26856
26859
26861
26863
26864
26870
26872
26873
26874
26877
26878
26880
26881
26882
26883
26884
26887
26889
26890
26891
26893
26898
26900
26904
26909
26910
26912
26913
26915
26916
26917
26919
26921
26923
26927
26929
26932
26933
26934
26936
26941
26942
26945
26950
26953
26955
26957
26961
26962
26970
26978
26981
26983
26984
26985
26986
26990
26991
26992
26994
26997
26998
26999
27001
27002
27003
27004
27005
27006
27007
27008
27010
27011
27012
27013
27014
27015
27019
27023
27027
27029
27030
27031
27032
27033
27036
27037
27040
27043
27044
27048
27049
27051
27052
27055
27057
27058
27059
27060
27061
27062
27066
27070
27075
27083
27086
27088
27089
27091
27092
27093
27096
27099
27100
27101
27107
27108
27109
27111
27116
27120
27121
27122
27124
27125
27127
27128
27129
27130
27134
27136
27138
27139
27141
27143
27145
27150
27152
27155
27156
27157
27160
27162
27163
27164
27165
27166
27167
27168
27171
27173
27174
27176
27177
27179
27182
27184
27185
27186
27187
27189
27190
27194
27196
27197
27199
27200
27201
27204
27206
27207
27208
27209
27212
27213
27216
27217
27219
27220
27221
27222
27224
27226
27227
27230
27236
27239
27240
27241
27245
27246
27247
27248
27252
27253
27256
27257
27259
27260
27261
27262
27263
27265
27266
27267
27268
27269
27270
27272
27274
27275
27276
27278
27280
27282
27289
27292
27293
27298
27299
27301
27304
27305
27307
27309
27311
27315
27316
27318
27319
27320
27324
27325
27327
27330
27333
27334
27335
27338
27346
27347
27349
27350
27360
27362
27366
27368
27374
27375
27376
27380
27381
27383
27384
27385
27388
27389
27391
27392
27393
27396
27399
27402
27405
27407
27408
27409
27412
27413
27414
27415
27416
27417
27420
27423
27424
27427
27429
27430
27435
27437
27439
27440
27442
27444
27445
27447
27450
27452
27455
27456
27457
27458
27459
27463
27465
27466
27467
27470
27474
27475
27476
27477
27478
27479
27481
27482
27484
27486
27489
27491
27492
27493
27499
27501
27503
27505
27506
27507
27509
27511
27512
27515
27517
27521
27522
27525
27526
27528
27531
27532
27533
27540
27541
27543
27544
27546
27547
27549
27551
27557
27558
27559
27564
27567
27568
27570
27571
27574
27575
27578
27580
27582
27583
27587
27589
27590
27591
27592
27594
27595
27596
27598
27599
27600
27601
27603
27605
27608
27609
27614
27617
27618
27619
27621
27624
27625
27627
27628
27630
27631
27635
27637
27644
27645
27646
27650
27651
27652
27653
27654
27656
27658
27662
27666
27667
27669
27670
27672
27676
27677
27679
27680
27681
27684
27685
27688
27690
27691
27692
27693
27694
27696
27699
27700
27702
27703
27704
27705
27710
27713
27715
27717
27718
27719
27721
27724
27725
27726
27727
27730
27731
27732
27733
27737
27740
27741
27742
27743
27745
27748
27749
27752
27753
27754
27756
27760
27761
27763
27764
27765
27772
27773
27775
27777
27778
27779
27780
27783
27784
27785
27786
27787
27788
27789
27790
27792
27793
27796
27797
27800
27801
27802
27804
27805
27806
27809
27810
27811
27812
27814
27817
27818
27820
27821
27822
27824
27831
27832
27833
27837
27838
27840
27841
27842
27848
27850
27854
27857
27859
27860
27861
27862
27864
27865
27866
27870
27872
27874
27875
27876
27879
27882
27884
27885
27886
27889
27890
27893
27894
27897
27899
27900
27906
27910
27911
27914
27916
27917
27919
27920
27921
27922
27924
27925
27927
27929
27930
27931
27933
27934
27935
27938
27941
27942
27944
27947
27948
27949
27957
27958
27960
27963
27964
27965
27967
27972
27973
27974
27975
27981
27982
27984
27989
27991
27995
28003
28005
28009
28014
28015
28019
28021
28026
28027
28029
28030
28033
28034
28036
28037
28042
28043
28044
28046
28047
28050
28053
28054
28058
28059
28060
28063
28065
28068
28069
28070
28071
28073
28074
28078
28080
28082
28083
28086
28087
28091
28093
28094
28095
28097
28100
28102
28103
28105
28106
28107
28109
28116
28117
28119
28121
28122
28124
28126
28127
28129
28130
28131
28132
28133
28135
28137
28139
28140
28141
28144
28145
28146
28148
28150
28151
28152
28154
28155
28156
28157
28161
28162
28163
28167
28168
28170
28173
28175
28176
28177
28179
28180
28182
28183
28184
28185
28187
28189
28190
28191
28192
28193
28194
28195
28200
28207
28209
28210
28211
28213
28214
28215
28217
28219
28221
28223
28229
28233
28236
28237
28238
28240
28241
28244
28245
28248
28252
28254
28255
28262
28264
28265
28271
28272
28274
28275
28276
28277
28278
28279
28280
28281
28284
28287
28288
28289
28290
28292
28293
28297
28298
28299
28300
28301
28302
28308
28309
28310
28313
28314
28316
28317
28318
28320
28321
28322
28323
28325
28326
28330
28331
28332
28333
28335
28337
28338
28339
28340
28344
28346
28351
28352
28353
28355
28359
28360
28361
28363
28364
28366
28371
28374
28381
28385
28387
28388
28393
28395
28400
28401
28408
28409
28412
28413
28414
28416
28418
28420
28425
28426
28427
28428
28429
28430
28431
28436
28437
28439
28440
28441
28442
28444
28446
28448
28449
28451
28453
28454
28458
28459
28460
28461
28462
28463
28464
28471
28475
28477
28479
28482
28484
28485
28486
28491
28492
28493
28498
28499
28500
28503
28505
28506
28508
28510
28519
28521
28525
28527
28530
28532
28535
28542
28543
28544
28546
28547
28548
28549
28551
28553
28558
28559
28560
28562
28563
28564
28565
28571
28573
28574
28575
28576
28577
28579
28583
28587
28588
28590
28592
28594
28595
28597
28598
28599
28600
28602
28603
28605
28606
28608
28611
28612
28613
28614
28618
28619
28620
28621
28622
28623
28628
28631
28634
28637
28640
28644
28645
28647
28648
28649
28650
28654
28657
28658
28659
28663
28664
28665
28667
28668
28669
28670
28671
28673
28674
28679
28681
28682
28687
28688
28690
28691
28692
28693
28694
28696
28699
28700
28701
28702
28705
28706
28707
28708
28709
28712
28716
28718
28723
28724
28725
28729
28731
28732
28734
28737
28739
28740
28741
28742
28746
28747
28748
28751
28752
28755
28756
28757
28758
28760
28762
28763
28764
28769
28770
28772
28773
28774
28776
28779
28780
28782
28783
28785
28790
28796
28797
28799
28802
28811
28813
28817
28818
28821
28822
28823
28824
28827
28828
28829
28833
28834
28836
28838
28839
28843
28844
28846
28849
28851
28852
28857
28861
28862
28863
28864
28868
28869
28871
28872
28873
28874
28875
28877
28884
28885
28887
28889
28890
28891
28893
28895
28900
28901
28904
28909
28910
28912
28913
28915
28921
28923
28924
28929
28931
28932
28934
28935
28936
28938
28939
28940
28941
28942
28949
28950
28952
28954
28955
28956
28957
28958
28959
28961
28962
28963
28967
28970
28971
28972
28976
28979
28980
28983
28984
28985
28987
28988
28989
28992
28993
28994
28997
28999
29000
29002
29003
29005
29009
29010
29012
29013
29016
29020
29024
29026
29027
29028
29029
29030
29031
29032
29034
29035
29036
29037
29038
29040
29041
29043
29044
29045
29046
29047
29048
29049
29050
29051
29053
29054
29058
29061
29062
29064
29065
29068
29070
29071
29072
29075
29076
29077
29080
29083
29086
29088
29089
29092
29093
29096
29097
29098
29099
29100
29101
29102
29104
29106
29108
29109
29110
29112
29113
29114
29115
29117
29119
29120
29122
29123
29124
29127
29128
29130
29131
29132
29133
29137
29138
29141
29142
29143
29144
29146
29147
29150
29152
29153
29157
29158
29159
29160
29161
29163
29164
29165
29166
29167
29169
29170
29171
29172
29175
29180
29184
29185
29187
29188
29190
29191
29193
29196
29197
29200
29201
29202
29203
29207
29209
29212
29214
29216
29219
29223
29224
29226
29228
29230
29233
29236
29237
29239
29240
29245
29248
29249
29252
29253
29255
29258
29260
29262
29263
29264
29268
29269
29270
29271
29273
29275
29276
29277
29282
29287
29288
29289
29290
29291
29298
29299
29303
29304
29305
29306
29307
29308
29314
29316
29317
29321
29322
29324
29326
29328
29330
29331
29332
29334
29337
29338
29339
29341
29343
29346
29348
29349
29350
29351
29354
29356
29357
29358
29359
29361
29364
29366
29367
29369
29370
29372
29374
29375
29380
29381
29385
29387
29389
29391
29393
29395
29396
29397
29399
29400
29402
29403
29404
29405
29408
29410
29411
29413
29415
29418
29419
29421
29423
29427
29433
29435
29436
29437
29438
29440
29441
29443
29444
29446
29447
29448
29449
29450
29451
29452
29454
29455
29457
29458
29459
29460
29461
29463
29464
29465
29466
29469
29470
29474
29475
29477
29479
29480
29481
29484
29486
29487
29488
29489
29492
29494
29497
29501
29502
29503
29507
29510
29511
29512
29514
29517
29518
29520
29522
29524
29530
29532
29534
29544
29545
29550
29553
29555
29556
29558
29559
29560
29561
29562
29565
29566
29567
29569
29573
29578
29579
29580
29583
29584
29585
29586
29587
29589
29590
29592
29593
29594
29595
29599
29601
29602
29603
29604
29606
29608
29610
29612
29615
29616
29617
29618
29620
29621
29622
29626
29627
29629
29631
29632
29633
29634
29635
29638
29640
29643
29644
29645
29647
29649
29651
29653
29654
29657
29658
29659
29660
29664
29665
29669
29671
29676
29682
29683
29684
29685
29686
29687
29688
29689
29690
29692
29693
29694
29696
29697
29699
29703
29705
29707
29708
29710
29711
29713
29714
29715
29716
29719
29721
29727
29728
29730
29731
29733
29734
29736
29739
29740
29741
29742
29744
29745
29746
29747
29748
29752
29758
29760
29761
29762
29763
29768
29772
29773
29774
29775
29779
29781
29783
29785
29787
29788
29789
29790
29792
29793
29795
29796
29797
29798
29799
29800
29802
29803
29804
29808
29812
29816
29818
29819
29820
29821
29822
29826
29832
29833
29837
29839
29841
29842
29844
29846
29847
29848
29849
29852
29855
