1
2
4
7
9
10
18
27
28
29
31
33
34
39
41
42
45
46
48
50
53
55
57
58
59
62
66
69
71
72
75
77
78
81
83
85
86
87
91
92
93
95
96
97
98
99
102
103
104
106
107
109
110
111
115
117
118
124
130
131
138
139
140
141
143
144
146
149
150
152
154
155
156
159
160
161
164
165
166
167
168
169
170
171
173
175
176
178
180
181
185
187
189
190
192
193
197
198
199
200
201
202
205
206
209
211
212
213
215
219
220
221
223
224
225
228
229
232
236
239
241
242
244
247
248
250
251
253
257
260
262
263
264
265
267
270
272
273
276
277
282
284
287
288
290
291
292
297
299
301
303
305
307
310
311
313
316
319
320
321
326
327
328
329
333
335
336
337
339
341
342
344
345
347
348
350
352
363
364
365
366
367
370
371
373
381
383
386
387
391
393
399
402
404
405
406
407
408
409
410
412
413
414
418
419
421
425
429
430
431
437
439
440
441
444
448
449
451
452
453
454
460
461
463
464
466
468
469
470
475
476
477
478
479
482
483
485
486
488
489
491
492
493
494
495
496
499
501
502
505
510
511
513
518
519
520
521
526
529
530
534
535
536
539
542
545
550
552
555
558
559
563
564
565
567
568
569
570
572
574
575
576
577
578
583
584
585
586
591
593
595
596
598
599
600
604
606
607
608
609
610
614
615
616
617
619
622
625
628
630
634
635
637
639
644
649
654
655
662
665
668
670
672
676
677
678
680
684
685
690
691
694
695
696
697
698
699
703
705
707
710
715
716
717
718
719
720
722
727
729
730
732
734
737
738
739
740
743
744
745
747
749
752
755
756
757
759
764
766
767
769
770
771
772
774
777
779
780
781
785
786
789
791
794
795
796
799
804
807
808
810
811
812
813
814
815
816
817
820
821
823
824
829
830
832
835
839
841
843
844
846
847
850
854
855
857
858
859
865
868
871
873
876
877
880
882
883
884
888
889
890
891
894
896
904
910
912
913
915
920
921
922
924
925
927
928
929
932
934
936
937
938
939
942
945
950
952
953
956
960
961
964
965
966
970
971
972
973
976
977
980
983
984
987
988
994
995
998
999
1000
1001
1002
1005
1009
1012
1013
1014
1015
1016
1017
1018
1020
1021
1023
1024
1026
1029
1031
1035
1036
1038
1039
1040
1042
1043
1044
1045
1050
1052
1054
1055
1056
1061
1062
1064
1065
1066
1068
1069
1070
1075
1076
1077
1078
1081
1083
1084
1085
1086
1087
1089
1090
1094
1098
1099
1100
1101
1102
1105
1106
1109
1113
1118
1121
1129
1133
1134
1139
1140
1142
1143
1144
1147
1149
1151
1152
1156
1157
1161
1162
1164
1166
1169
1171
1173
1174
1175
1176
1178
1179
1181
1187
1188
1192
1195
1196
1201
1204
1205
1208
1209
1210
1212
1213
1214
1215
1217
1218
1219
1220
1221
1222
1224
1225
1226
1232
1234
1236
1237
1238
1239
1241
1243
1244
1247
1248
1249
1251
1255
1256
1258
1260
1261
1263
1264
1266
1271
1274
1275
1276
1279
1280
1284
1285
1286
1287
1296
1305
1306
1309
1310
1312
1313
1315
1316
1317
1318
1319
1320
1321
1327
1328
1331
1333
1334
1335
1339
1341
1342
1345
1346
1347
1348
1350
1352
1358
1360
1361
1362
1363
1364
1365
1366
1368
1370
1371
1372
1374
1376
1377
1379
1380
1383
1384
1385
1387
1393
1394
1395
1396
1397
1398
1399
1401
1402
1403
1406
1408
1409
1410
1412
1414
1415
1416
1417
1418
1420
1422
1423
1425
1426
1428
1429
1431
1434
1435
1438
1440
1441
1442
1443
1445
1452
1453
1454
1457
1459
1460
1463
1464
1465
1466
1468
1469
1471
1472
1473
1475
1476
1478
1485
1487
1488
1492
1493
1494
1495
1496
1497
1498
1501
1502
1503
1504
1505
1507
1508
1511
1513
1514
1518
1523
1524
1526
1528
1530
1531
1532
1535
1536
1538
1539
1542
1544
1546
1548
1549
1552
1554
1557
1559
1561
1566
1567
1568
1571
1581
1582
1584
1589
1590
1592
1594
1595
1599
1600
1603
1604
1605
1606
1607
1608
1609
1610
1611
1612
1613
1616
1617
1622
1624
1629
1630
1631
1632
1634
1636
1637
1639
1640
1644
1645
1647
1651
1652
1653
1655
1656
1659
1660
1663
1665
1666
1667
1669
1670
1671
1672
1673
1676
1680
1683
1684
1686
1689
1691
1697
1698
1699
1701
1702
1703
1705
1706
1708
1709
1710
1712
1715
1717
1722
1723
1725
1728
1733
1737
1739
1740
1742
1744
1745
1746
1747
1748
1749
1751
1753
1755
1756
1757
1758
1760
1763
1767
1768
1769
1773
1774
1775
1776
1778
1780
1782
1783
1784
1787
1788
1793
1794
1795
1796
1797
1800
1802
1803
1804
1808
1810
1811
1815
1816
1821
1823
1825
1826
1827
1828
1830
1832
1833
1834
1835
1838
1841
1842
1844
1845
1848
1849
1852
1854
1856
1858
1860
1861
1862
1863
1866
1869
1870
1873
1874
1877
1878
1881
1883
1886
1887
1888
1893
1895
1896
1897
1899
1901
1903
1907
1911
1912
1914
1915
1917
1918
1919
1920
1922
1925
1926
1927
1930
1939
1940
1941
1942
1944
1945
1949
1950
1951
1952
1953
1954
1956
1958
1961
1962
1964
1965
1966
1967
1968
1969
1972
1975
1976
1977
1979
1981
1983
1984
1987
1989
1990
1992
1993
1994
1998
1999
2000
2001
2004
2005
2007
2009
2010
2013
2016
2018
2020
2021
2023
2026
2028
2031
2032
2036
2037
2040
2041
2043
2047
2048
2049
2061
2062
2063
2064
2066
2068
2071
2073
2081
2082
2083
2085
2086
2087
2088
2093
2095
2096
2098
2100
2101
2102
2108
2110
2114
2115
2118
2120
2121
2122
2124
2128
2129
2130
2132
2133
2136
2138
2139
2141
2145
2147
2148
2149
2152
2154
2156
2158
2159
2160
2161
2162
2163
2165
2167
2169
2170
2171
2172
2174
2178
2181
2182
2185
2187
2189
2190
2191
2192
2193
2194
2195
2197
2198
2199
2203
2205
2210
2211
2212
2213
2215
2216
2219
2222
2224
2225
2228
2231
2232
2235
2236
2240
2245
2246
2247
2249
2251
2252
2253
2254
2258
2260
2261
2263
2265
2268
2270
2274
2275
2276
2277
2278
2279
2280
2281
2283
2291
2294
2303
2304
2305
2306
2307
2309
2310
2311
2314
2318
2320
2321
2323
2324
2325
2327
2329
2330
2331
2334
2351
2353
2355
2357
2360
2363
2365
2366
2367
2368
2369
2370
2371
2372
2375
2377
2378
2380
2383
2385
2386
2387
2388
2389
2390
2394
2395
2396
2400
2401
2402
2404
2406
2407
2408
2410
2412
2413
2415
2418
2420
2424
2426
2429
2433
2435
2436
2440
2441
2442
2443
2444
2446
2447
2449
2451
2452
2458
2459
2462
2468
2471
2472
2475
2477
2478
2479
2480
2481
2482
2484
2486
2494
2495
2497
2503
2504
2508
2510
2511
2513
2519
2524
2532
2533
2535
2536
2539
2540
2541
2543
2546
2548
2550
2552
2558
2560
2561
2564
2566
2569
2571
2573
2576
2579
2584
2587
2589
2591
2592
2593
2594
2596
2598
2599
2600
2605
2606
2607
2610
2612
2613
2614
2616
2617
2618
2619
2621
2622
2624
2625
2626
2627
2629
2630
2631
2634
2635
2636
2639
2642
2644
2649
2651
2652
2653
2654
2655
2657
2659
2660
2661
2663
2664
2666
2668
2669
2675
2680
2681
2682
2686
2687
2689
2691
2694
2695
2700
2701
2703
2704
2706
2710
2711
2713
2716
2720
2722
2723
2724
2729
2731
2732
2735
2737
2738
2739
2742
2743
2744
2748
2752
2754
2755
2756
2758
2761
2762
2763
2765
2766
2767
2768
2770
2780
2784
2785
2787
2789
2791
2792
2793
2794
2797
2798
2799
2803
2804
2805
2807
2808
2810
2811
2815
2820
2826
2827
2828
2830
2831
2832
2833
2834
2835
2837
2838
2839
2840
2841
2842
2845
2850
2851
2854
2856
2857
2859
2860
2862
2867
2868
2870
2871
2873
2874
2877
2879
2883
2884
2886
2888
2889
2891
2892
2895
2896
2899
2900
2901
2904
2905
2906
2907
2910
2911
2914
2915
2917
2921
2922
2924
2925
2928
2930
2931
2932
2939
2941
2942
2943
2944
2946
2947
2948
2949
2951
2954
2956
2960
2961
2963
2964
2965
2967
2973
2974
2976
2977
2978
2981
2985
2987
2988
2990
2992
2993
2994
2996
2999
3000
3001
3003
3005
3010
3013
3014
3015
3018
3021
3023
3029
3030
3031
3033
3035
3038
3039
3041
3044
3045
3049
3050
3052
3053
3054
3055
3056
3057
3058
3059
3060
3062
3066
3068
3069
3070
3074
3076
3077
3082
3083
3086
3088
3089
3091
3096
3102
3105
3109
3112
3116
3118
3119
3120
3125
3127
3131
3133
3134
3135
3137
3138
3139
3140
3142
3144
3145
3146
3148
3150
3151
3152
3159
3161
3162
3167
3169
3170
3171
3172
3173
3176
3178
3181
3183
3191
3196
3197
3198
3199
3201
3203
3204
3206
3208
3209
3214
3217
3218
3219
3221
3224
3227
3228
3229
3230
3231
3233
3235
3237
3238
3240
3242
3243
3244
3245
3246
3247
3248
3249
3250
3255
3257
3258
3259
3260
3262
3263
3264
3265
3266
3268
3273
3278
3282
3283
3284
3286
3287
3290
3295
3298
3299
3300
3301
3305
3306
3307
3308
3309
3312
3313
3314
3317
3318
3319
3320
3321
3323
3324
3326
3327
3328
3329
3330
3333
3334
3336
3337
3338
3341
3342
3345
3346
3348
3350
3351
3352
3354
3355
3356
3357
3358
3365
3366
3368
3369
3370
3371
3372
3373
3374
3377
3378
3385
3386
3390
3391
3392
3394
3395
3396
3398
3399
3402
3404
3406
3408
3411
3412
3413
3414
3416
3417
3420
3422
3423
3424
3427
3428
3429
3430
3431
3432
3434
3436
3437
3438
3442
3443
3444
3445
3447
3449
3450
3451
3453
3455
3456
3463
3465
3466
3469
3470
3471
3474
3475
3476
3482
3484
3485
3489
3492
3496
3497
3499
3500
3505
3506
3507
3508
3510
3512
3514
3516
3517
3520
3522
3531
3538
3540
3543
3545
3546
3551
3553
3555
3556
3557
3558
3559
3560
3563
3567
3570
3577
3580
3581
3582
3584
3585
3586
3587
3590
3591
3593
3597
3599
3601
3602
3605
3608
3611
3612
3613
3616
3619
3621
3622
3623
3625
3627
3628
3629
3630
3632
3634
3636
3637
3638
3639
3640
3642
3643
3645
3646
3647
3648
3650
3653
3654
3655
3656
3658
3659
3662
3663
3665
3666
3669
3671
3674
3676
3677
3678
3682
3683
3684
3686
3687
3691
3692
3695
3696
3699
3701
3702
3703
3708
3711
3714
3717
3720
3723
3724
3725
3726
3727
3728
3729
3730
3732
3734
3735
3736
3738
3739
3740
3741
3742
3746
3747
3750
3753
3754
3757
3760
3762
3764
3765
3768
3770
3772
3774
3778
3779
3780
3781
3783
3786
3787
3789
3792
3794
3796
3799
3800
3802
3803
3804
3807
3808
3812
3813
3815
3816
3817
3819
3820
3821
3832
3838
3839
3840
3843
3845
3846
3847
3849
3853
3856
3858
3861
3863
3864
3868
3869
3870
3871
3872
3873
3874
3880
3883
3885
3888
3896
3897
3899
3901
3903
3905
3908
3910
3911
3913
3916
3917
3918
3919
3920
3921
3922
3923
3927
3931
3934
3935
3938
3939
3940
3941
3944
3945
3949
3952
3953
3955
3956
3958
3960
3964
3966
3968
3970
3972
3973
3976
3977
3979
3983
3985
3986
3989
3990
3995
4004
4006
4007
4009
4012
4016
4017
4018
4019
4021
4023
4029
4034
4036
4037
4038
4040
4042
4043
4047
4048
4049
4051
4054
4055
4056
4057
4059
4061
4062
4063
4064
4065
4066
4067
4069
4070
4071
4073
4074
4078
4080
4081
4082
4086
4087
4089
4090
4091
4092
4094
4095
4096
4097
4101
4103
4105
4108
4110
4111
4112
4113
4114
4116
4122
4126
4128
4129
4130
4132
4134
4135
4137
4140
4146
4147
4149
4155
4158
4159
4164
4172
4173
4175
4176
4177
4178
4183
4184
4186
4188
4190
4191
4192
4200
4201
4206
4207
4208
4209
4211
4212
4213
4214
4215
4217
4218
4223
4226
4228
4231
4232
4242
4243
4245
4247
4249
4250
4253
4254
4257
4258
4260
4261
4262
4263
4265
4266
4267
4269
4270
4271
4273
4274
4275
4276
4277
4278
4279
4281
4283
4285
4290
4292
4293
4295
4298
4300
4301
4302
4303
4304
4307
4309
4310
4314
4323
4325
4326
4330
4333
4335
4336
4338
4340
4345
4346
4347
4348
4351
4352
4353
4356
4361
4363
4364
4366
4369
4371
4375
4377
4380
4381
4383
4387
4389
4390
4392
4393
4396
4397
4398
4400
4401
4402
4405
4408
4409
4411
4412
4414
4415
4416
4417
4418
4419
4420
4422
4427
4428
4429
4431
4434
4437
4445
4448
4450
4451
4452
4453
4455
4458
4459
4461
4462
4463
4464
4466
4467
4469
4470
4472
4473
4474
4476
4478
4479
4480
4481
4483
4484
4487
4489
4493
4494
4495
4496
4499
4503
4505
4506
4507
4510
4512
4513
4514
4515
4516
4519
4521
4523
4524
4525
4526
4528
4529
4531
4532
4533
4534
4535
4537
4539
4540
4541
4546
4550
4551
4552
4553
4558
4561
4562
4563
4567
4569
4570
4571
4572
4573
4576
4577
4578
4579
4582
4584
4592
4593
4597
4598
4603
4604
4605
4606
4608
4610
4612
4614
4621
4622
4624
4627
4628
4629
4632
4633
4635
4636
4637
4639
4643
4645
4646
4647
4650
4652
4654
4655
4656
4661
4662
4663
4664
4665
4666
4667
4669
4671
4672
4674
4675
4676
4677
4678
4680
4681
4682
4688
4689
4692
4693
4695
4699
4700
4701
4704
4711
4712
4715
4719
4721
4722
4724
4725
4726
4730
4736
4737
4739
4741
4742
4750
4751
4753
4755
4756
4758
4759
4760
4761
4762
4764
4765
4769
4773
4774
4778
4780
4782
4784
4788
4794
4795
4796
4797
4798
4799
4801
4802
4803
4804
4806
4807
4809
4811
4813
4817
4821
4822
4825
4826
4827
4829
4830
4831
4833
4834
4838
4839
4840
4841
4842
4843
4844
4845
4846
4850
4851
4853
4854
4856
4860
4865
4866
4868
4869
4870
4874
4876
4878
4884
4885
4887
4888
4889
4892
4893
4894
4896
4897
4898
4899
4906
4907
4909
4910
4911
4913
4915
4917
4918
4919
4920
4921
4924
4925
4926
4927
4932
4933
4934
4936
4937
4938
4940
4942
4944
4945
4946
4947
4948
4949
4950
4951
4953
4955
4957
4958
4960
4961
4963
4966
4967
4968
4971
4972
4982
4983
4985
4986
4989
4991
4992
4993
4994
4997
4998
4999
5000
5002
5003
5004
5005
5006
5007
5008
5010
5011
5013
5014
5015
5016
5017
5020
5023
5025
5027
5029
5030
5031
5032
5033
5035
5037
5038
5040
5041
5043
5044
5045
5046
5048
5049
5050
5053
5056
5057
5058
5060
5062
5063
5065
5066
5067
5069
5070
5073
5074
5075
5077
5079
5081
5082
5083
5085
5092
5094
5095
5096
5097
5098
5101
5104
5105
5108
5113
5116
5119
5123
5124
5125
5127
5128
5130
5131
5132
5133
5134
5137
5138
5139
5140
5142
5143
5145
5146
5147
5149
5150
5152
5155
5156
5157
5159
5163
5165
5167
5169
5170
5174
5175
5176
5177
5179
5180
5181
5184
5186
5189
5198
5199
5201
5203
5204
5205
5208
5210
5211
5213
5214
5220
5223
5225
5227
5233
5238
5239
5240
5241
5244
5248
5249
5252
5253
5255
5256
5258
5261
5262
5264
5265
5267
5268
5270
5271
5272
5273
5275
5277
5280
5282
5283
5284
5286
5289
5300
5303
5304
5306
5308
5309
5310
5311
5314
5316
5317
5318
5323
5324
5325
5326
5329
5330
5331
5332
5335
5336
5337
5339
5340
5341
5343
5344
5345
5350
5354
5355
5356
5357
5359
5360
5361
5362
5363
5364
5366
5367
5368
5370
5373
5374
5375
5380
5382
5384
5385
5387
5389
5390
5391
5392
5393
5394
5395
5396
5399
5401
5402
5404
5407
5408
5409
5415
5418
5419
5421
5422
5426
5429
5430
5431
5432
5435
5436
5439
5440
5441
5442
5444
5445
5446
5447
5450
5452
5453
5454
5457
5463
5464
5465
5466
5467
5468
5469
5470
5472
5473
5474
5477
5479
5483
5486
5488
5489
5491
5492
5493
5495
5504
5507
5508
5510
5511
5513
5515
5516
5517
5518
5519
5520
5525
5526
5529
5532
5535
5537
5538
5539
5542
5544
5547
5552
5553
5555
5556
5557
5558
5559
5561
5562
5563
5565
5566
5572
5573
5574
5575
5576
5578
5583
5590
5591
5593
5596
5598
5599
5601
5602
5604
5607
5609
5610
5612
5615
5616
5617
5618
5620
5622
5626
5629
5631
5632
5633
5637
5638
5640
5641
5645
5646
5647
5648
5650
5651
5653
5654
5655
5660
5661
5665
5667
5669
5670
5671
5674
5675
5677
5681
5683
5687
5688
5689
5690
5691
5694
5695
5697
5698
5699
5700
5702
5703
5705
5706
5709
5713
5714
5715
5716
5717
5718
5719
5721
5723
5729
5730
5733
5736
5737
5738
5740
5743
5746
5747
5748
5750
5751
5752
5753
5756
5757
5758
5760
5765
5767
5769
5770
5771
5772
5773
5775
5777
5779
5780
5782
5783
5786
5787
5788
5790
5796
5798
5799
5800
5802
5806
5808
5810
5812
5814
5816
5818
5821
5822
5823
5824
5825
5826
5827
5828
5829
5830
5833
5834
5837
5838
5839
5841
5844
5845
5847
5848
5851
5852
5853
5855
5857
5858
5860
5864
5865
5866
5867
5870
5871
5874
5878
5880
5881
5882
5883
5885
5887
5889
5892
5893
5896
5898
5903
5905
5907
5908
5909
5910
5912
5913
5914
5916
5918
5921
5922
5923
5924
5928
5929
5932
5933
5934
5935
5937
5938
5941
5943
5945
5949
5952
5954
5957
5959
5961
5964
5967
5970
5973
5974
5975
5977
5981
5982
5984
5987
5988
5989
5992
5996
5997
5998
5999
6004
6007
6009
6010
6012
6013
6015
6016
6018
6019
6023
6025
6026
6027
6028
6029
6030
6032
6034
6038
6039
6040
6041
6043
6044
6045
6046
6047
6048
6049
6052
6054
6055
6056
6058
6059
6060
6062
6063
6064
6066
6067
6069
6071
6072
6073
6075
6079
6081
6082
6083
6084
6086
6087
6088
6090
6091
6094
6097
6098
6104
6107
6110
6111
6113
6114
6115
6117
6123
6125
6127
6130
6132
6136
6137
6138
6140
6141
6146
6147
6148
6149
6150
6151
6152
6153
6154
6155
6160
6163
6164
6165
6166
6172
6174
6175
6176
6178
6179
6182
6187
6188
6191
6192
6196
6197
6198
6199
6202
6204
6205
6206
6207
6209
6210
6211
6214
6215
6218
6219
6221
6223
6227
6228
6229
6230
6232
6233
6234
6235
6236
6240
6242
6244
6247
6251
6254
6260
6263
6264
6268
6270
6273
6275
6276
6277
6278
6280
6281
6282
6285
6287
6288
6289
6293
6294
6297
6299
6301
6302
6304
6305
6307
6309
6310
6311
6312
6315
6317
6318
6324
6330
6334
6336
6339
6340
6341
6347
6348
6349
6350
6354
6356
6357
6358
6359
6360
6362
6364
6365
6366
6377
6378
6379
6384
6385
6388
6389
6394
6397
6398
6399
6401
6403
6405
6406
6407
6408
6409
6412
6414
6416
6418
6420
6422
6426
6427
6429
6432
6434
6435
6436
6437
6440
6441
6445
6446
6447
6449
6451
6453
6454
6455
6457
6459
6460
6461
6462
6466
6473
6475
6476
6478
6479
6481
6484
6485
6493
6494
6496
6497
6498
6501
6502
6503
6504
6505
6511
6512
6513
6515
6516
6523
6525
6526
6527
6528
6529
6531
6533
6534
6536
6537
6539
6540
6541
6544
6545
6546
6547
6549
6550
6551
6562
6563
6566
6567
6568
6570
6571
6573
6574
6575
6577
6578
6580
6581
6582
6583
6584
6585
6587
6588
6590
6594
6595
6598
6601
6604
6605
6606
6607
6608
6610
6615
6616
6618
6620
6621
6623
6625
6627
6629
6631
6633
6634
6635
6636
6637
6638
6639
6641
6644
6645
6646
6648
6650
6651
6655
6659
6660
6662
6666
6668
6669
6671
6672
6673
6675
6677
6678
6680
6682
6684
6685
6686
6687
6690
6691
6692
6694
6699
6700
6701
6703
6706
6707
6708
6709
6710
6711
6712
6713
6714
6718
6719
6722
6724
6726
6731
6735
6737
6738
6739
6740
6741
6743
6746
6747
6748
6749
6751
6753
6754
6757
6758
6759
6760
6761
6763
6766
6767
6768
6772
6777
6779
6789
6790
6791
6795
6796
6799
6802
6804
6813
6816
6817
6824
6826
6827
6828
6829
6830
6831
6832
6833
6834
6835
6836
6838
6839
6841
6842
6843
6847
6848
6850
6852
6853
6854
6855
6856
6858
6859
6860
6865
6867
6869
6871
6872
6877
6878
6879
6881
6883
6884
6887
6888
6889
6894
6898
6899
6900
6901
6904
6907
6908
6910
6911
6913
6914
6915
6916
6918
6919
6920
6921
6922
6925
6931
6932
6933
6935
6940
6942
6945
6947
6949
6955
6959
6960
6964
6966
6967
6969
6971
6974
6975
6976
6982
6984
6986
6988
6989
6992
6994
6995
6996
6997
7003
7004
7007
7010
7013
7014
7018
7021
7029
7030
7033
7034
7036
7038
7040
7041
7044
7045
7047
7048
7050
7051
7052
7053
7054
7056
7057
7058
7059
7060
7061
7062
7065
7068
7072
7074
7076
7079
7080
7082
7083
7084
7086
7087
7089
7090
7091
7092
7097
7100
7101
7102
7105
7107
7113
7114
7116
7117
7119
7122
7123
7124
7125
7126
7128
7131
7133
7135
7136
7139
7140
7141
7144
7146
7150
7152
7154
7155
7156
7161
7162
7163
7165
7168
7169
7172
7173
7175
7176
7179
7180
7182
7184
7185
7188
7189
7191
7192
7193
7194
7195
7196
7197
7199
7201
7202
7206
7207
7208
7209
7210
7211
7217
7220
7223
7228
7229
7232
7233
7234
7235
7236
7240
7241
7243
7245
7246
7248
7249
7252
7253
7254
7256
7259
7261
7262
7264
7266
7267
7270
7271
7275
7276
7281
7282
7283
7284
7285
7288
7292
7293
7294
7297
7298
7299
7301
7303
7305
7306
7309
7310
7313
7315
7317
7319
7321
7324
7327
7328
7330
7333
7334
7336
7337
7338
7341
7343
7344
7347
7348
7352
7353
7357
7358
7362
7363
7367
7368
7370
7372
7374
7376
7378
7379
7384
7385
7387
7388
7389
7391
7393
7394
7397
7398
7400
7401
7402
7406
7410
7413
7418
7420
7423
7424
7427
7428
7429
7431
7435
7440
7441
7442
7444
7446
7447
7449
7450
7453
7458
7460
7461
7466
7469
7471
7472
7473
7474
7475
7476
7480
7481
7484
7487
7488
7489
7490
7491
7495
7496
7497
7498
7499
7500
7501
7503
7505
7506
7512
7514
7515
7516
7518
7519
7521
7525
7526
7527
7528
7529
7531
7532
7536
7537
7539
7542
7547
7548
7549
7550
7551
7552
7553
7554
7555
7557
7558
7562
7563
7568
7570
7572
7573
7574
7576
7583
7585
7587
7597
7598
7600
7602
7604
7606
7607
7609
7616
7617
7619
7620
7623
7627
7628
7629
7631
7632
7636
7637
7639
7640
7641
7642
7643
7644
7645
7648
7649
7651
7653
7654
7657
7658
7659
7662
7664
7666
7667
7669
7670
7671
7672
7673
7674
7675
7676
7677
7679
7682
7683
7689
7690
7691
7692
7693
7695
7697
7699
7700
7702
7704
7707
7709
7711
7713
7714
7716
7717
7718
7719
7720
7725
7726
7727
7728
7729
7730
7731
7732
7734
7739
7740
7741
7743
7745
7747
7748
7749
7751
7752
7754
7756
7760
7761
7763
7764
7765
7770
7771
7777
7778
7782
7783
7786
7787
7788
7790
7792
7793
7794
7795
7796
7797
7798
7799
7803
7813
7814
7815
7816
7817
7818
7820
7821
7822
7823
7824
7826
7827
7828
7829
7830
7833
7837
7838
7839
7841
7843
7844
7845
7846
7849
7850
7851
7852
7855
7856
7858
7862
7863
7865
7866
7867
7869
7870
7872
7874
7875
7876
7879
7885
7886
7887
7890
7891
7892
7893
7895
7899
7900
7902
7904
7908
7909
7911
7912
7913
7914
7919
7920
7922
7924
7926
7930
7932
7933
7934
7938
7939
7940
7941
7943
7944
7945
7946
7947
7948
7949
7950
7951
7952
7954
7955
7956
7961
7962
7966
7968
7970
7971
7973
7974
7977
7979
7980
7981
7982
7983
7984
7985
7986
7989
7990
7994
7996
7997
7999
8000
8002
8004
8006
8007
8008
8009
8010
8012
8017
8018
8023
8024
8026
8027
8028
8029
8031
8032
8033
8036
8038
8040
8043
8045
8048
8049
8051
8053
8054
8055
8056
8058
8059
8061
8062
8063
8064
8065
8066
8067
8068
8069
8073
8074
8075
8082
8084
8087
8088
8090
8093
8095
8097
8098
8099
8100
8104
8105
8106
8109
8110
8111
8115
8119
8121
8122
8123
8126
8127
8132
8134
8136
8137
8139
8140
8142
8146
8151
8154
8156
8157
8158
8160
8161
8162
8163
8164
8165
8168
8169
8170
8171
8172
8174
8176
8178
8179
8182
8183
8186
8189
8190
8191
8192
8193
8197
8202
8203
8206
8207
8209
8211
8213
8217
8219
8223
8225
8227
8230
8237
8238
8239
8242
8243
8244
8245
8246
8248
8249
8251
8252
8253
8254
8256
8258
8259
8260
8261
8266
8267
8269
8270
8271
8273
8274
8278
8279
8280
8281
8282
8283
8284
8285
8286
8289
8291
8296
8299
8302
8303
8309
8311
8314
8316
8317
8318
8319
8321
8323
8324
8325
8327
8328
8330
8336
8337
8341
8343
8349
8353
8356
8357
8358
8359
8361
8362
8363
8365
8366
8367
8370
8371
8374
8377
8378
8379
8381
8383
8384
8385
8386
8387
8388
8389
8390
8392
8394
8395
8396
8397
8401
8402
8403
8405
8407
8409
8413
8416
8418
8423
8429
8430
8431
8432
8434
8436
8439
8440
8441
8446
8447
8448
8450
8451
8453
8454
8456
8459
8461
8462
8463
8467
8470
8471
8472
8476
8477
8478
8479
8480
8482
8486
8487
8490
8492
8493
8494
8496
8499
8500
8503
8505
8506
8507
8509
8510
8511
8512
8514
8519
8522
8526
8527
8529
8531
8533
8535
8536
8537
8538
8539
8540
8542
8543
8547
8548
8549
8551
8552
8553
8554
8555
8557
8560
8561
8566
8572
8575
8576
8577
8579
8580
8581
8584
8587
8590
8591
8592
8593
8594
8595
8596
8601
8603
8605
8612
8614
8616
8619
8620
8622
8623
8624
8625
8626
8631
8638
8640
8645
8647
8648
8649
8650
8651
8653
8655
8657
8667
8668
8670
8672
8675
8676
8677
8678
8679
8680
8682
8683
8684
8685
8688
8690
8694
8695
8699
8702
8703
8704
8710
8715
8716
8717
8718
8720
8722
8723
8725
8727
8729
8730
8731
8732
8733
8738
8740
8741
8743
8744
8745
8749
8751
8752
8754
8755
8756
8757
8758
8760
8761
8763
8767
8768
8770
8771
8772
8774
8775
8778
8788
8790
8791
8792
8793
8795
8796
8797
8801
8802
8803
8804
8806
8807
8810
8811
8812
8813
8814
8820
8823
8824
8827
8828
8829
8830
8832
8834
8835
8836
8837
8838
8839
8841
8842
8850
8852
8853
8854
8857
8858
8860
8861
8862
8865
8870
8871
8873
8876
8878
8881
8883
8884
8885
8886
8887
8889
8890
8891
8893
8894
8895
8897
8899
8900
8901
8902
8903
8905
8906
8908
8909
8914
8917
8919
8920
8922
8924
8925
8927
8931
8934
8940
8942
8943
8944
8946
8947
8948
8950
8953
8955
8960
8961
8962
8963
8964
8967
8968
8969
8970
8971
8972
8973
8974
8975
8980
8983
8989
8993
8995
8999
9000
9001
9003
9004
9009
9011
9012
9013
9014
9015
9021
9023
9024
9025
9026
9028
9029
9030
9032
9042
9043
9051
9053
9054
9056
9058
9060
9061
9062
9064
9065
9066
9068
9069
9072
9074
9076
9081
9082
9083
9084
9087
9088
9089
9092
9096
9097
9098
9100
9101
9103
9105
9106
9107
9110
9116
9117
9118
9120
9121
9124
9127
9129
9132
9136
9137
9139
9140
9142
9145
9146
9147
9148
9149
9150
9151
9153
9154
9157
9158
9160
9161
9165
9167
9168
9169
9172
9173
9175
9180
9183
9188
9190
9195
9199
9200
9201
9202
9204
9205
9206
9208
9209
9210
9211
9213
9216
9217
9218
9219
9220
9221
9222
9225
9226
9228
9233
9234
9235
9236
9237
9238
9241
9244
9246
9249
9251
9252
9253
9256
9258
9261
9262
9265
9268
9271
9272
9273
9275
9280
9282
9284
9285
9286
9288
9289
9290
9293
9294
9295
9297
9301
9303
9308
9309
9311
9313
9316
9317
9318
9319
9322
9327
9331
9333
9337
9338
9343
9345
9346
9348
9349
9351
9352
9355
9360
9364
9365
9366
9367
9373
9374
9377
9381
9383
9388
9391
9393
9395
9398
9399
9400
9401
9402
9403
9407
9408
9410
9413
9414
9417
9420
9421
9428
9430
9431
9432
9433
9436
9437
9439
9440
9441
9443
9444
9447
9448
9449
9450
9452
9453
9454
9459
9461
9462
9464
9465
9466
9468
9469
9471
9472
9473
9475
9477
9480
9482
9490
9491
9492
9494
9495
9496
9498
9499
9501
9502
9505
9506
9508
9509
9510
9514
9515
9519
9522
9525
9526
9527
9533
9535
9539
9545
9548
9549
9550
9554
9556
9559
9560
9562
9565
9566
9568
9569
9570
9571
9573
9575
9576
9578
9579
9580
9581
9587
9589
9590
9593
9596
9597
9599
9600
9601
9602
9603
9604
9606
9609
9610
9613
9617
9619
9620
9626
9629
9630
9632
9633
9637
9638
9639
9642
9646
9650
9654
9655
9658
9659
9660
9661
9663
9665
9666
9667
9668
9670
9672
9674
9675
9679
9681
9683
9687
9691
9692
9695
9696
9700
9703
9704
9706
9707
9708
9709
9712
9713
9714
9716
9717
9718
9719
9721
9723
9724
9728
9730
9731
9732
9734
9735
9741
9742
9746
9748
9753
9754
9755
9756
9757
9758
9761
9763
9764
9765
9767
9769
9771
9774
9775
9776
9777
9782
9784
9785
9786
9788
9792
9793
9794
9802
9804
9806
9807
9808
9811
9812
9813
9815
9817
9821
9824
9825
9826
9827
9831
9834
9835
9837
9839
9841
9843
9845
9847
9848
9849
9850
9851
9852
9854
9856
9858
9860
9862
9867
9868
9870
9871
9873
9874
9875
9876
9880
9885
9889
9890
9894
9896
9897
9898
9901
9902
9903
9907
9908
9909
9911
9913
9915
9916
9917
9918
9921
9922
9925
9926
9928
9930
9932
9936
9939
9941
9942
9944
9946
9947
9948
9949
9950
9951
9954
9956
9960
9961
9963
9965
9972
9975
9976
9978
9984
9986
9989
9991
9992
9995
9996
9997
9998
10002
10004
10005
10006
10009
10010
10011
10012
10018
10020
10022
10026
10030
10031
10032
10035
10039
10040
10041
10044
10049
10051
10052
10055
10058
10059
10063
10067
10068
10073
10075
10076
10077
10080
10081
10082
10087
10089
10092
10096
10102
10104
10107
10108
10109
10113
10114
10115
10118
10119
10120
10121
10124
10125
10127
10128
10129
10133
10135
10137
10138
10139
10144
10149
10151
10152
10154
10156
10157
10160
10166
10167
10170
10171
10173
10174
10177
10178
10180
10181
10182
10185
10186
10188
10189
10190
10191
10193
10195
10196
10197
10202
10204
10209
10211
10212
10213
10215
10218
10219
10225
10228
10229
10231
10234
10235
10237
10238
10240
10241
10243
10244
10245
10246
10247
10249
10251
10253
10255
10256
10257
10258
10260
10261
10262
10263
10266
10269
10271
10272
10275
10276
10277
10278
10279
10280
10281
10284
10286
10287
10288
10292
10293
10294
10295
10296
10297
10299
10301
10303
10304
10305
10307
10311
10312
10317
10318
10321
10323
10324
10327
10328
10332
10333
10334
10338
10339
10340
10342
10345
10346
10349
10351
10352
10357
10359
10360
10361
10363
10364
10366
10367
10371
10374
10376
10379
10380
10384
10385
10386
10387
10392
10393
10394
10397
10399
10402
10407
10408
10410
10415
10419
10420
10422
10423
10426
10427
10430
10433
10436
10438
10439
10442
10443
10445
10447
10448
10452
10454
10456
10460
10461
10462
10463
10471
10473
10474
10476
10480
10481
10487
10489
10490
10491
10492
10493
10494
10495
10498
10499
10502
10503
10504
10507
10509
10510
10512
10514
10515
10517
10519
10522
10524
10525
10530
10531
10535
10536
10538
10540
10544
10547
10548
10553
10557
10558
10563
10565
10566
10570
10571
10572
10574
10575
10577
10581
10583
10584
10585
10591
10592
10594
10595
10596
10597
10598
10601
10603
10604
10605
10608
10610
10612
10614
10615
10618
10619
10620
10621
10622
10623
10626
10627
10631
10635
10638
10639
10643
10644
10646
10647
10648
10649
10650
10655
10656
10657
10658
10660
10666
10669
10670
10672
10674
10676
10677
10678
10679
10682
10683
10686
10696
10701
10703
10704
10707
10708
10709
10710
10711
10713
10714
10721
10725
10726
10727
10729
10730
10731
10737
10738
10739
10740
10744
10745
10746
10747
10749
10751
10753
10757
10761
10762
10763
10764
10769
10773
10775
10777
10779
10783
10784
10785
10786
10789
10790
10792
10793
10798
10799
10800
10801
10806
10807
10808
10809
10810
10811
10816
10818
10819
10820
10821
10823
10824
10825
10833
10835
10836
10839
10840
10841
10844
10845
10848
10851
10852
10853
10855
10860
10861
10863
10865
10870
10871
10872
10873
10874
10877
10878
10882
10885
10888
10889
10890
10892
10893
10896
10898
10899
10901
10904
10908
10912
10914
10915
10916
10919
10920
10921
10924
10926
10935
10936
10938
10939
10942
10943
10946
10947
10948
10951
10955
10959
10961
10962
10964
10967
10968
10969
10970
10971
10972
10974
10976
10977
10981
10984
10985
10987
10988
10990
10993
10995
10997
10998
11000
11001
11004
11005
11006
11007
11009
11010
11013
11022
11023
11025
11026
11028
11029
11031
11033
11036
11037
11044
11049
11050
11054
11056
11057
11060
11061
11062
11066
11067
11068
11070
11071
11073
11074
11075
11080
11081
11082
11084
11085
11088
11089
11093
11097
11099
11102
11103
11107
11108
11110
11112
11114
11115
11118
11120
11122
11123
11124
11126
11127
11130
11131
11132
11136
11141
11147
11152
11155
11158
11160
11161
11162
11165
11167
11168
11169
11170
11173
11174
11175
11177
11180
11181
11183
11185
11187
11188
11189
11191
11193
11194
11200
11202
11204
11205
11207
11211
11212
11213
11215
11216
11218
11219
11226
11227
11229
11231
11236
11240
11242
11244
11245
11248
11249
11252
11255
11257
11259
11260
11262
11263
11266
11270
11271
11272
11274
11278
11283
11284
11285
11286
11287
11289
11290
11291
11292
11295
11296
11298
11301
11304
11307
11310
11313
11318
11321
11322
11323
11325
11326
11327
11328
11329
11331
11333
11335
11336
11337
11338
11341
11344
11349
11352
11355
11356
11357
11358
11359
11360
11361
11363
11364
11365
11366
11368
11370
11372
11377
11378
11381
11382
11384
11385
11386
11389
11392
11393
11395
11396
11398
11401
11402
11403
11405
11408
11409
11412
11413
11414
11415
11426
11427
11429
11431
11432
11434
11436
11437
11439
11442
11444
11445
11446
11448
11451
11452
11455
11456
11460
11461
11465
11466
11467
11469
11476
11477
11479
11480
11482
11483
11484
11485
11488
11491
11493
11494
11496
11497
11498
11499
11500
11504
11510
11514
11516
11518
11519
11520
11521
11522
11523
11525
11526
11527
11528
11529
11531
11534
11538
11541
11542
11543
11545
11546
11547
11548
11551
11552
11555
11556
11557
11558
11560
11562
11565
11566
11567
11568
11570
11573
11575
11576
11577
11578
11580
11581
11582
11583
11585
11586
11589
11590
11593
11594
11595
11597
11599
11600
11603
11604
11607
11609
11610
11611
11615
11616
11617
11620
11623
11625
11626
11627
11629
11630
11633
11634
11635
11642
11643
11645
11646
11648
11651
11655
11657
11663
11664
11665
11666
11667
11668
11669
11670
11671
11672
11673
11675
11676
11679
11681
11682
11683
11684
11686
11689
11690
11693
11695
11696
11700
11701
11702
11703
11704
11706
11707
11709
11710
11712
11715
11717
11718
11719
11720
11721
11722
11726
11727
11730
11731
11732
11733
11737
11741
11742
11744
11746
11747
11751
11752
11758
11759
11761
11762
11766
11767
11770
11771
11775
11778
11779
11780
11785
11786
11787
11788
11792
11795
11796
11797
11798
11801
11802
11803
11806
11809
11811
11812
11813
11814
11815
11816
11818
11819
11826
11829
11833
11837
11842
11848
11851
11854
11855
11859
11860
11862
11863
11864
11865
11867
11869
11871
11874
11875
11876
11877
11878
11879
11880
11881
11886
11888
11889
11890
11891
11892
11893
11894
11896
11897
11901
11902
11904
11905
11906
11908
11910
11912
11913
11916
11917
11918
11920
11922
11923
11926
11927
11928
11930
11938
11939
11941
11942
11945
11946
11947
11954
11956
11957
11958
11961
11965
11966
11967
11971
11974
11976
11981
11984
11986
11990
11991
11992
11996
11997
11999
12000
12004
12006
12008
12009
12011
12014
12015
12016
12018
12019
12022
12024
12025
12027
12028
12030
12031
12032
12033
12038
12039
12041
12044
12045
12049
12051
12052
12053
12054
12055
12059
12060
12061
12063
12064
12065
12068
12072
12075
12077
12078
12079
12081
12082
12084
12086
12088
12089
12090
12092
12093
12095
12099
12100
12101
12102
12103
12108
12110
12111
12113
12114
12116
12118
12119
12121
12122
12124
12127
12128
12129
12130
12131
12136
12137
12138
12139
12145
12147
12149
12151
12152
12155
12159
12161
12164
12168
12175
12178
12179
12186
12187
12188
12189
12190
12191
12192
12194
12195
12198
12199
12200
12201
12207
12212
12213
12214
12215
12216
12222
12225
12233
12235
12237
12238
12243
12245
12246
12248
12250
12251
12253
12256
12261
12266
12267
12268
12269
12270
12274
12275
12278
12282
12283
12284
12285
12286
12287
12289
12292
12294
12298
12299
12302
12303
12304
12305
12306
12307
12308
12309
12312
12315
12318
12319
12321
12325
12326
12327
12329
12331
12332
12333
12334
12336
12337
12339
12340
12341
12342
12343
12344
12346
12350
12351
12354
12356
12357
12359
12361
12362
12363
12366
12368
12371
12373
12374
12375
12377
12380
12381
12382
12383
12386
12388
12393
12394
12399
12400
12401
12404
12405
12406
12407
12408
12409
12412
12413
12414
12415
12416
12421
12422
12423
12424
12430
12433
12434
12435
12436
12438
12440
12441
12443
12444
12445
12447
12453
12455
12460
12463
12464
12466
12468
12469
12471
12474
12476
12477
12478
12479
12482
12487
12491
12492
12494
12495
12496
12497
12499
12500
12502
12505
12507
12508
12509
12510
12512
12513
12514
12515
12516
12518
12520
12521
12522
12525
12526
12527
12529
12530
12532
12534
12538
12540
12545
12548
12550
12553
12556
12557
12560
12562
12564
12565
12566
12567
12568
12572
12575
12576
12578
12579
12580
12581
12584
12585
12587
12588
12589
12593
12594
12596
12597
12598
12602
12603
12606
12607
12608
12610
12614
12615
12617
12618
12619
12620
12622
12623
12626
12627
12632
12633
12634
12635
12637
12638
12641
12644
12648
12653
12654
12657
12658
12664
12665
12666
12671
12674
12676
12678
12681
12683
12684
12688
12689
12691
12693
12694
12696
12698
12701
12707
12711
12712
12713
12715
12717
12720
12721
12722
12724
12733
12734
12735
12738
12739
12741
12742
12743
12744
12746
12748
12749
12753
12755
12756
12757
12758
12761
12763
12766
12768
12777
12778
12780
12782
12783
12784
12786
12787
12788
12789
12790
12791
12795
12799
12803
12807
12808
12811
12813
12814
12815
12819
12821
12823
12824
12825
12831
12832
12833
12834
12836
12837
12838
12841
12842
12844
12847
12850
12851
12852
12853
12855
12857
12858
12862
12866
12867
12874
12875
12879
12880
12881
12883
12884
12885
12888
12891
12892
12893
12896
12898
12901
12902
12903
12905
12906
12907
12908
12912
12917
12918
12922
12923
12924
12929
12930
12931
12933
12934
12935
12936
12939
12942
12944
12945
12946
12948
12950
12953
12954
12955
12957
12959
12960
12962
12964
12966
12967
12969
12973
12976
12977
12981
12982
12983
12984
12985
12986
12987
12989
12993
12995
12996
12997
12998
13001
13005
13006
13007
13008
13010
13014
13016
13017
13020
13021
13022
13023
13024
13025
13030
13037
13041
13043
13044
13048
13050
13053
13054
13055
13058
13059
13060
13061
13063
13064
13067
13070
13071
13073
13076
13077
13078
13079
13080
13081
13086
13087
13088
13094
13095
13096
13098
13100
13103
13104
13108
13109
13112
13117
13118
13121
13122
13123
13127
13131
13133
13138
13139
13144
13146
13147
13149
13152
13153
13159
13160
13161
13162
13163
13164
13165
13166
13167
13168
13170
13172
13173
13174
13175
13176
13180
13182
13183
13186
13187
13189
13191
13193
13195
13200
13201
13204
13205
13206
13207
13208
13209
13210
13211
13212
13214
13215
13216
13220
13221
13223
13229
13230
13231
13236
13237
13244
13245
13246
13252
13256
13257
13260
13263
13265
13268
13275
13277
13278
13280
13282
13283
13284
13285
13286
13290
13291
13293
13295
13297
13298
13300
13301
13303
13305
13306
13308
13310
13311
13312
13313
13314
13317
13319
13321
13323
13324
13325
13327
13329
13331
13335
13336
13340
13341
13342
13345
13350
13351
13352
13353
13354
13355
13356
13365
13367
13368
13373
13374
13375
13376
13377
13378
13380
13382
13383
13386
13388
13389
13395
13396
13398
13400
13401
13403
13404
13405
13406
13407
13409
13412
13417
13419
13420
13422
13423
13430
13431
13432
13433
13434
13437
13440
13442
13445
13449
13450
13451
13454
13457
13458
13461
13462
13463
13464
13465
13466
13467
13468
13469
13470
13471
13472
13479
13480
13481
13482
13483
13484
13485
13486
13487
13491
13492
13493
13494
13495
13496
13498
13500
13502
13504
13505
13506
13510
13511
13513
13514
13516
13517
13518
13520
13521
13526
13527
13528
13529
13530
13531
13532
13533
13534
13535
13537
13539
13541
13543
13545
13546
13549
13550
13551
13554
13555
13558
13559
13561
13562
13563
13566
13567
13568
13571
13574
13577
13578
13580
13582
13583
13584
13586
13587
13589
13592
13595
13602
13603
13604
13606
13610
13611
13614
13615
13616
13618
13619
13621
13622
13623
13625
13630
13633
13634
13636
13641
13643
13644
13646
13648
13650
13651
13652
13654
13656
13657
13659
13660
13662
13663
13665
13668
13669
13671
13674
13676
13679
13680
13681
13682
13684
13687
13688
13689
13690
13691
13692
13695
13696
13697
13698
13699
13701
13704
13705
13707
13708
13709
13716
13717
13719
13723
13725
13726
13731
13732
13733
13739
13740
13741
13743
13746
13747
13750
13754
13755
13759
13760
13762
13764
13767
13768
13770
13771
13775
13777
13779
13780
13785
13786
13791
13792
13794
13798
13800
13806
13809
13813
13814
13820
13821
13822
13824
13826
13827
13832
13835
13837
13839
13840
13842
13844
13847
13848
13850
13852
13853
13854
13857
13860
13862
13864
13865
13870
13873
13877
13878
13879
13883
13888
13892
13893
13895
13896
13897
13900
13901
13903
13904
13906
13907
13909
13911
13912
13913
13916
13918
13919
13920
13921
13922
13925
13927
13928
13929
13931
13932
13937
13938
13940
13943
13946
13947
13948
13949
13950
13952
13953
13954
13955
13956
13957
13959
13964
13965
13968
13969
13975
13976
13980
13981
13982
13984
13985
13986
13987
13988
13989
13990
13992
13993
13995
13996
14000
14001
14002
14003
14005
14006
14008
14010
14011
14013
14014
14018
14020
14021
14022
14023
14025
14026
14028
14030
14032
14033
14036
14037
14038
14039
14040
14043
14044
14045
14046
14048
14051
14056
14060
14062
14066
14067
14069
14070
14071
14074
14075
14077
14078
14079
14080
14081
14082
14083
14085
14089
14090
14091
14092
14093
14094
14098
14099
14100
14102
14104
14105
14108
14109
14110
14111
14112
14113
14114
14115
14116
14118
14121
14125
14127
14129
14130
14132
14133
14136
14138
14140
14142
14147
14148
14150
14156
14159
14160
14164
14165
14168
14169
14174
14175
14176
14179
14183
14184
14192
14195
14198
14200
14201
14206
14207
14208
14209
14210
14211
14213
14215
14217
14218
14225
14226
14227
14228
14232
14233
14234
14235
14236
14239
14241
14243
14249
14250
14251
14252
14256
14258
14259
14260
14261
14262
14264
14266
14269
14270
14272
14273
14274
14275
14276
14277
14278
14279
14280
14281
14284
14287
14288
14289
14290
14291
14293
14295
14297
14299
14304
14305
14306
14307
14308
14312
14313
14314
14317
14318
14319
14322
14326
14327
14328
14329
14331
14332
14337
14338
14339
14341
14343
14344
14349
14351
14357
14360
14361
14367
14368
14369
14371
14372
14373
14375
14377
14378
14381
14382
14384
14385
14393
14397
14400
14401
14403
14404
14405
14406
14407
14408
14410
14411
14413
14418
14420
14422
14424
14426
14427
14428
14429
14430
14432
14434
14435
14436
14437
14438
14439
14441
14443
14445
14446
14447
14449
14450
14451
14453
14455
14457
14460
14462
14466
14467
14468
14469
14471
14472
14476
14477
14478
14483
14484
14485
14487
14488
14491
14494
14495
14496
14497
14498
14502
14504
14505
14507
14510
14513
14514
14515
14517
14521
14522
14524
14525
14526
14527
14528
14529
14530
14532
14534
14540
14546
14547
14548
14549
14552
14554
14555
14556
14557
14559
14560
14561
14565
14566
14567
14568
14569
14570
14572
14573
14582
14583
14584
14585
14586
14587
14590
14592
14593
14594
14596
14597
14603
14606
14609
14610
14611
14624
14626
14628
14629
14630
14631
14634
14636
14639
14642
14643
14644
14645
14646
14650
14651
14653
14660
14663
14671
14675
14676
14678
14682
14684
14687
14690
14692
14693
14698
14701
14702
14703
14707
14708
14711
14714
14717
14719
14722
14724
14725
14728
14729
14731
14733
14734
14737
14739
14742
14749
14751
14753
14754
14756
14757
14760
14761
14763
14764
14765
14771
14772
14774
14775
14776
14777
14778
14779
14780
14781
14784
14785
14786
14789
14790
14791
14793
14794
14796
14797
14799
14801
14802
14804
14808
14810
14813
14816
14819
14820
14821
14823
14824
14827
14829
14830
14831
14832
14833
14835
14838
14839
14840
14841
14848
14851
14853
14854
14855
14858
14860
14863
14864
14865
14867
14869
14870
14872
14874
14879
14880
14881
14882
14885
14888
14890
14891
14892
14894
14895
14897
14899
14901
14906
14907
14908
14909
14913
14914
14915
14916
14922
14923
14924
14926
14927
14928
14931
14932
14934
14936
14938
14941
14944
14949
14954
14956
14960
14961
14963
14965
14966
14970
14971
14972
14973
14976
14977
14978
14979
14983
14985
14986
14987
14988
14989
14990
14992
14993
14996
14998
14999
15001
15005
15007
15008
15010
15013
15018
15020
15022
15023
15024
15025
15026
15027
15029
15031
15033
15035
15037
15041
15042
15044
15045
15047
15048
15049
15050
15054
15056
15058
15059
15061
15062
15069
15071
15072
15073
15076
15081
15083
15084
15085
15087
15088
15089
15091
15092
15093
15095
15098
15100
15101
15102
15104
15105
15111
15119
15120
15122
15123
15124
15126
15127
15128
15129
15130
15131
15132
15136
15141
15144
15147
15148
15149
15153
15154
15155
15156
15158
15160
15165
15166
15167
15168
15171
15173
15176
15177
15178
15179
15180
15183
15185
15186
15189
15190
15191
15196
15197
15199
15201
15205
15206
15209
15214
15216
15221
15222
15223
15224
15227
15229
15232
15235
15236
15237
15238
15239
15243
15244
15246
15250
15252
15257
15258
15259
15262
15263
15265
15266
15267
15268
15270
15272
15276
15278
15279
15280
15283
15284
15285
15286
15287
15288
15290
15291
15293
15295
15299
15303
15304
15305
15307
15310
15312
15313
15316
15317
15318
15320
15324
15327
15329
15331
15332
15335
15336
15338
15342
15344
15346
15347
15349
15350
15352
15353
15354
15356
15357
15358
15360
15361
15362
15363
15364
15367
15368
15369
15373
15374
15376
15380
15381
15383
15384
15386
15388
15392
15396
15399
15400
15402
15403
15407
15409
15411
15412
15418
15420
15423
15430
15435
15438
15439
15440
15441
15442
15445
15446
15452
15453
15454
15456
15459
15460
15461
15462
15464
15466
15469
15471
15472
15473
15474
15475
15476
15480
15482
15483
15484
15486
15489
15490
15493
15495
15497
15499
15506
15510
15513
15514
15515
15518
15519
15520
15527
15529
15530
15531
15533
15535
15540
15541
15542
15544
15545
15547
15548
15549
15552
15555
15557
15558
15560
15561
15562
15563
15564
15566
15568
15571
15575
15576
15577
15578
15583
15585
15588
15590
15591
15592
15593
15599
15600
15601
15602
15603
15604
15606
15608
15609
15610
15612
15615
15616
15618
15621
15622
15623
15624
15625
15626
15627
15629
15630
15631
15633
15634
15635
15636
15637
15644
15645
15647
15648
15652
15654
15656
15657
15659
15661
15662
15663
15664
15665
15668
15670
15672
15673
15676
15678
15681
15685
15686
15687
15688
15689
15691
15696
15700
15701
15702
15704
15705
15706
15707
15709
15710
15711
15713
15714
15717
15718
15721
15724
15725
15726
15728
15729
15730
15731
15732
15733
15734
15735
15736
15737
15738
15741
15745
15746
15750
15754
15759
15760
15761
15763
15768
15770
15772
15775
15779
15780
15784
15785
15789
15793
15794
15795
15796
15797
15799
15800
15801
15802
15804
15805
15806
15808
15812
15814
15817
15818
15820
15823
15830
15831
15832
15833
15834
15836
15838
15841
15842
15843
15844
15848
15849
15850
15853
15857
15859
15860
15863
15864
15865
15866
15870
15872
15873
15876
15877
15882
15883
15884
15885
15887
15889
15890
15891
15892
15893
15896
15897
15899
15901
15902
15903
15907
15909
15911
15912
15913
15915
15920
15926
15927
15928
15931
15932
15935
15936
15939
15940
15941
15942
15944
15947
15948
15951
15954
15959
15962
15963
15964
15966
15967
15969
15970
15971
15973
15974
15975
15978
15979
15982
15985
15988
15998
16002
16004
16007
16009
16011
16012
16013
16014
16017
16019
16021
16022
16023
16026
16027
16029
16032
16033
16035
16036
16038
16039
16042
16043
16044
16046
16047
16048
16050
16054
16056
16057
16058
16061
16062
16063
16064
16066
16068
16073
16076
16078
16079
16080
16083
16085
16087
16090
16092
16098
16099
16102
16105
16109
16111
16112
16115
16116
16117
16119
16123
16124
16128
16131
16132
16136
16143
16144
16145
16147
16149
16151
16153
16155
16161
16163
16170
16171
16172
16173
16174
16175
16176
16179
16180
16185
16186
16188
16190
16191
16199
16200
16201
16202
16204
16205
16207
16208
16209
16210
16212
16213
16214
16217
16219
16220
16224
16226
16227
16231
16232
16233
16234
16239
16240
16241
16243
16244
16246
16247
16248
16249
16250
16252
16253
16254
16255
16256
16257
16258
16260
16261
16262
16263
16264
16266
16275
16277
16278
16281
16282
16283
16284
16287
16288
16290
16291
16295
16297
16302
16303
16305
16306
16307
16308
16309
16311
16312
16313
16314
16318
16320
16321
16324
16325
16327
16332
16333
16334
16335
16338
16339
16340
16341
16342
16345
16346
16349
16350
16351
16354
16356
16361
16362
16367
16368
16369
16370
16371
16372
16373
16377
16378
16379
16381
16382
16383
16384
16389
16391
16392
16394
16407
16411
16412
16414
16415
16417
16418
16420
16426
16427
16430
16431
16433
16434
16436
16437
16440
16442
16443
16446
16447
16449
16450
16451
16454
16457
16458
16459
16460
16461
16462
16464
16467
16469
16473
16474
16475
16478
16480
16481
16482
16484
16486
16489
16492
16494
16495
16496
16497
16498
16499
16500
16501
16502
16503
16508
16509
16512
16514
16516
16517
16518
16519
16523
16533
16537
16538
16542
16543
16544
16547
16548
16551
16552
16553
16554
16556
16559
16560
16564
16568
16570
16571
16578
16580
16581
16584
16590
16591
16592
16594
16596
16597
16598
16600
16601
16605
16606
16610
16615
16618
16621
16622
16623
16626
16627
16628
16631
16632
16633
16634
16635
16639
16641
16642
16643
16644
16648
16650
16652
16653
16654
16657
16659
16660
16663
16665
16666
16670
16671
16672
16673
16674
16675
16676
16677
16680
16681
16689
16692
16697
16698
16700
16702
16703
16711
16713
16714
16716
16717
16718
16720
16721
16722
16726
16728
16729
16730
16732
16735
16737
16740
16742
16743
16744
16745
16746
16748
16749
16751
16752
16755
16757
16759
16760
16761
16764
16766
16767
16769
16772
16773
16774
16777
16782
16783
16788
16791
16793
16794
16797
16798
16799
16800
16801
16802
16803
16804
16808
16809
16810
16811
16812
16814
16817
16819
16820
16825
16829
16830
16831
16832
16834
16835
16837
16838
16840
16841
16843
16844
16845
16846
16848
16850
16851
16852
16857
16859
16861
16865
16866
16867
16868
16869
16870
16877
16879
16882
16883
16890
16891
16894
16895
16904
16905
16907
16912
16914
16917
16921
16922
16924
16925
16927
16928
16929
16930
16932
16933
16942
16945
16946
16947
16948
16950
16951
16952
16953
16954
16957
16959
16961
16962
16963
16964
16966
16973
16984
16985
16986
16987
16988
16989
16991
16995
16996
16997
16998
17003
17004
17005
17006
17008
17009
17010
17013
17014
17016
17018
17019
17020
17022
17023
17027
17032
17033
17035
17041
17044
17048
17049
17050
17052
17054
17057
17058
17059
17063
17065
17073
17075
17081
17086
17088
17090
17091
17092
17095
17096
17097
17100
17101
17102
17104
17105
17106
17108
17109
17112
17114
17117
17118
17122
17123
17125
17129
17134
17135
17136
17139
17140
17142
17144
17146
17147
17148
17151
17152
17153
17155
17156
17157
17158
17159
17162
17165
17166
17168
17171
17172
17173
17175
17176
17177
17179
17180
17181
17182
17184
17185
17194
17196
17197
17202
17203
17206
17208
17209
17210
17211
17212
17216
17218
17224
17225
17226
17227
17228
17230
17231
17232
17238
17239
17240
17243
17247
17248
17249
17254
17255
17256
17259
17260
17264
17265
17266
17267
17268
17269
17270
17271
17272
17273
17274
17275
17276
17279
17280
17281
17282
17285
17288
17292
17295
17296
17297
17299
17300
17301
17302
17304
17305
17308
17310
17311
17314
17316
17317
17321
17322
17323
17324
17325
17328
17329
17331
17332
17333
17334
17335
17336
17338
17339
17343
17345
17348
17350
17351
17353
17355
17357
17358
17360
17361
17362
17364
17367
17368
17369
17372
17373
17375
17377
17378
17379
17380
17383
17390
17393
17395
17396
17402
17403
17405
17406
17407
17408
17410
17411
17413
17414
17416
17418
17419
17424
17426
17428
17431
17432
17433
17434
17437
17441
17446
17448
17449
17450
17451
17454
17455
17456
17457
17458
17460
17464
17466
17468
17471
17473
17475
17476
17477
17480
17481
17484
17487
17489
17490
17493
17498
17502
17503
17505
17506
17507
17512
17515
17516
17517
17518
17521
17523
17526
17532
17535
17537
17538
17540
17541
17543
17549
17550
17551
17555
17558
17562
17563
17564
17565
17568
17569
17570
17571
17572
17573
17576
17577
17578
17580
17581
17585
17586
17588
17591
17593
17596
17598
17599
17601
17602
17605
17614
17615
17622
17623
17624
17625
17626
17631
17633
17635
17638
17639
17640
17642
17646
17650
17651
17652
17655
17657
17658
17659
17660
17661
17662
17664
17667
17670
17672
17673
17680
17681
17682
17690
17695
17696
17697
17698
17699
17700
17701
17703
17709
17711
17714
17717
17726
17732
17734
17735
17738
17739
17741
17744
17746
17748
17751
17752
17754
17755
17761
17762
17766
17771
17775
17776
17777
17779
17780
17781
17784
17785
17788
17790
17793
17795
17796
17803
17807
17808
17810
17815
17822
17823
17824
17829
17831
17832
17833
17834
17836
17843
17844
17845
17846
17849
17850
17852
17853
17854
17857
17860
17861
17862
17863
17865
17866
17869
17870
17873
17874
17875
17876
17877
17880
17884
17885
17886
17889
17892
17893
17894
17895
17896
17898
17902
17903
17905
17907
17908
17912
17914
17916
17919
17921
17923
17925
17929
17932
17933
17934
17935
17937
17941
17943
17946
17947
17950
17953
17954
17957
17962
17964
17965
17969
17970
17971
17972
17973
17976
17979
17980
17982
17984
17985
17987
17992
17999
18004
18006
18008
18009
18011
18013
18015
18016
18017
18020
18021
18022
18023
18025
18026
18029
18032
18033
18036
18038
18039
18040
18042
18047
18048
18052
18053
18057
18059
18063
18064
18066
18067
18070
18072
18073
18074
18076
18077
18078
18081
18084
18087
18088
18089
18092
18094
18095
18099
18100
18103
18105
18107
18108
18110
18111
18112
18113
18118
18119
18120
18121
18127
18130
18132
18133
18136
18138
18140
18145
18147
18149
18150
18151
18152
18153
18154
18155
18156
18157
18158
18160
18165
18169
18170
18177
18178
18179
18181
18182
18185
18186
18193
18195
18197
18198
18199
18202
18203
18208
18209
18210
18215
18219
18221
18223
18224
18225
18226
18227
18228
18230
18232
18233
18237
18238
18239
18243
18244
18245
18246
18249
18252
18253
18254
18255
18256
18257
18259
18260
18263
18265
18268
18269
18270
18271
18272
18273
18274
18275
18276
18277
18279
18280
18282
18283
18284
18287
18288
18289
18290
18291
18292
18294
18295
18296
18301
18303
18304
18306
18308
18311
18313
18314
18315
18323
18324
18325
18326
18328
18330
18331
18332
18334
18337
18338
18339
18341
18343
18344
18347
18353
18358
18359
18361
18363
18364
18369
18370
18371
18373
18376
18380
18384
18385
18389
18390
18394
18397
18399
18402
18413
18415
18417
18420
18421
18422
18426
18427
18429
18430
18431
18433
18434
18435
18436
18438
18439
18442
18444
18445
18448
18450
18452
18453
18455
18459
18463
18464
18465
18468
18470
18472
18473
18474
18476
18477
18478
18481
18482
18483
18484
18486
18488
18490
18495
18497
18498
18500
18502
18506
18509
18510
18517
18518
18519
18521
18522
18523
18524
18527
18528
18531
18532
18533
18537
18539
18541
18543
18546
18547
18548
18549
18550
18552
18555
18556
18557
18559
18560
18561
18564
18565
18566
18570
18573
18575
18578
18579
18581
18584
18586
18587
18588
18592
18593
18594
18595
18596
18600
18601
18603
18604
18607
18608
18610
18611
18612
18613
18614
18618
18619
18622
18623
18625
18628
18631
18636
18639
18641
18643
18644
18647
18648
18652
18654
18656
18657
18658
18663
18665
18666
18667
18670
18672
18673
18675
18676
18678
18680
18681
18683
18684
18687
18690
18691
18693
18694
18704
18708
18709
18711
18712
18714
18715
18716
18717
18718
18719
18721
18722
18724
18726
18727
18729
18730
18731
18732
18733
18734
18735
18739
18743
18744
18746
18748
18749
18752
18753
18756
18757
18759
18762
18769
18773
18774
18775
18776
18778
18779
18783
18784
18785
18787
18788
18790
18792
18793
18794
18795
18797
18799
18801
18804
18805
18808
18811
18813
18816
18817
18819
18820
18821
18823
18824
18825
18826
18835
18836
18837
18839
18840
18841
18843
18845
18847
18849
18851
18852
18854
18855
18857
18858
18859
18861
18862
18864
18865
18866
18867
18868
18872
18873
18875
18879
18880
18885
18888
18889
18890
18891
18896
18898
18900
18902
18903
18906
18910
18914
18916
18917
18920
18921
18925
18926
18927
18928
18930
18931
18932
18935
18937
18938
18939
18940
18942
18943
18949
18951
18952
18954
18955
18956
18957
18960
18962
18964
18965
18967
18969
18978
18980
18983
18985
18989
18991
18992
18994
18996
18998
18999
19001
19003
19004
19009
19013
19015
19017
19019
19020
19021
19024
19025
19027
19028
19030
19032
19034
19039
19041
19042
19043
19045
19046
19048
19049
19050
19051
19052
19055
19057
19061
19063
19067
19071
19073
19074
19075
19076
19079
19081
19082
19083
19084
19085
19087
19088
19091
19092
19095
19096
19097
19099
19100
19103
19106
19110
19111
19112
19115
19116
19117
19123
19125
19126
19127
19130
19131
19133
19134
19135
19139
19140
19142
19144
19146
19148
19151
19152
19153
19154
19155
19157
19158
19163
19165
19166
19171
19173
19175
19177
19179
19181
19182
19183
19184
19185
19186
19187
19188
19189
19193
19196
19200
19201
19202
19206
19207
19210
19213
19216
19217
19218
19219
19221
19224
19225
19227
19230
19231
19232
19233
19234
19241
19246
19252
19253
19254
19255
19256
19257
19258
19260
19261
19262
19263
19267
19268
19269
19273
19274
19276
19277
19280
19281
19282
19283
19284
19288
19289
19290
19292
19294
19295
19296
19301
19303
19305
19309
19310
19311
19312
19315
19316
19317
19320
19322
19324
19325
19326
19329
19334
19335
19336
19337
19340
19342
19343
19345
19347
19348
19349
19350
19353
19354
19358
19360
19361
19362
19363
19365
19366
19369
19370
19371
19377
19380
19381
19382
19383
19384
19385
19386
19392
19394
19396
19397
19400
19401
19402
19404
19407
19408
19410
