0
3
5
6
8
11
12
13
14
15
16
17
19
20
21
22
23
24
25
26
30
32
35
36
37
38
40
43
44
47
49
51
52
54
56
60
61
63
64
65
67
68
70
73
74
76
79
80
82
84
88
89
90
94
100
101
105
108
112
113
114
116
119
120
121
122
123
125
126
127
128
129
132
133
134
135
136
137
142
145
147
148
151
153
157
158
162
163
172
174
177
179
182
183
184
186
188
191
194
195
196
203
204
207
208
210
214
216
217
218
222
226
227
230
231
233
234
235
237
238
240
243
245
246
249
252
254
255
256
258
259
261
266
268
269
271
274
275
278
279
280
281
283
285
286
289
293
294
295
296
298
300
302
304
306
308
309
312
314
315
317
318
322
323
324
325
330
331
332
334
338
340
343
346
349
351
353
354
355
356
357
358
359
360
361
362
368
369
372
374
375
376
377
378
379
380
382
384
385
388
389
390
392
394
395
396
397
398
400
401
403
411
415
416
417
420
422
423
424
426
427
428
432
433
434
435
436
438
442
443
445
446
447
450
455
456
457
458
459
462
465
467
471
472
473
474
480
481
484
487
490
497
498
500
503
504
506
507
508
509
512
514
515
516
517
522
523
524
525
527
528
531
532
533
537
538
540
541
543
544
546
547
548
549
551
553
554
556
557
560
561
562
566
571
573
579
580
581
582
587
588
589
590
592
594
597
601
602
603
605
611
612
613
618
620
621
623
624
626
627
629
631
632
633
636
638
640
641
642
643
645
646
647
648
650
651
652
653
656
657
658
659
660
661
663
664
666
667
669
671
673
674
675
679
681
682
683
686
687
688
689
692
693
700
701
702
704
706
708
709
711
712
713
714
721
723
724
725
726
728
731
733
735
736
741
742
746
748
750
751
753
754
758
760
761
762
763
765
768
773
775
776
778
782
783
784
787
788
790
792
793
797
798
800
801
802
803
805
806
809
818
819
822
825
826
827
828
831
833
834
836
837
838
840
842
845
848
849
851
852
853
856
860
861
862
863
864
866
867
869
870
872
874
875
878
879
881
885
886
887
892
893
895
897
898
899
900
901
902
903
905
906
907
908
909
911
914
916
917
918
919
923
926
930
931
933
935
940
941
943
944
946
947
948
949
951
954
955
957
958
959
962
963
967
968
969
974
975
978
979
981
982
985
986
989
990
991
992
993
996
997
1003
1004
1006
1007
1008
1010
1011
1019
1022
1025
1027
1028
1030
1032
1033
1034
1037
1041
1046
1047
1048
1049
1051
1053
1057
1058
1059
1060
1063
1067
1071
1072
1073
1074
1079
1080
1082
1088
1091
1092
1093
1095
1096
1097
1103
1104
1107
1108
1110
1111
1112
1114
1115
1116
1117
1119
1120
1122
1123
1124
1125
1126
1127
1128
1130
1131
1132
1135
1136
1137
1138
1141
1145
1146
1148
1150
1153
1154
1155
1158
1159
1160
1163
1165
1167
1168
1170
1172
1177
1180
1182
1183
1184
1185
1186
1189
1190
1191
1193
1194
1197
1198
1199
1200
1202
1203
1206
1207
1211
1216
1223
1227
1228
1229
1230
1231
1233
1235
1240
1242
1245
1246
1250
1252
1253
1254
1257
1259
1262
1265
1267
1268
1269
1270
1272
1273
1277
1278
1281
1282
1283
1288
1289
1290
1291
1292
1293
1294
1295
1297
1298
1299
1300
1301
1302
1303
1304
1307
1308
1311
1314
1322
1323
1324
1325
1326
1329
1330
1332
1336
1337
1338
1340
1343
1344
1349
1351
1353
1354
1355
1356
1357
1359
1367
1369
1373
1375
1378
1381
1382
1386
1388
1389
1390
1391
1392
1400
1404
1405
1407
1411
1413
1419
1421
1424
1427
1430
1432
1433
1436
1437
1439
1444
1446
1447
1448
1449
1450
1451
1455
1456
1458
1461
1462
1467
1470
1474
1477
1479
1480
1481
1482
1483
1484
1486
1489
1490
1491
1499
1500
1506
1509
1510
1512
1515
1516
1517
1519
1520
1521
1522
1525
1527
1529
1533
1534
1537
1540
1541
1543
1545
1547
1550
1551
1553
1555
1556
1558
1560
1562
1563
1564
1565
1569
1570
1572
1573
1574
1575
1576
1577
1578
1579
1580
1583
1585
1586
1587
1588
1591
1593
1596
1597
1598
1601
1602
1614
1615
1618
1619
1620
1621
1623
1625
1626
1627
1628
1633
1635
1638
1641
1642
1643
1646
1648
1649
1650
1654
1657
1658
1661
1662
1664
1668
1674
1675
1677
1678
1679
1681
1682
1685
1687
1688
1690
1692
1693
1694
1695
1696
1700
1704
1707
1711
1713
1714
1716
1718
1719
1720
1721
1724
1726
1727
1729
1730
1731
1732
1734
1735
1736
1738
1741
1743
1750
1752
1754
1759
1761
1762
1764
1765
1766
1770
1771
1772
1777
1779
1781
1785
1786
1789
1790
1791
1792
1798
1799
1801
1805
1806
1807
1809
1812
1813
1814
1817
1818
1819
1820
1822
1824
1829
1831
1836
1837
1839
1840
1843
1846
1847
1850
1851
1853
1855
1857
1859
1864
1865
1867
1868
1871
1872
1875
1876
1879
1880
1882
1884
1885
1889
1890
1891
1892
1894
1898
1900
1902
1904
1905
1906
1908
1909
1910
1913
1916
1921
1923
1924
1928
1929
1931
1932
1933
1934
1935
1936
1937
1938
1943
1946
1947
1948
1955
1957
1959
1960
1963
1970
1971
1973
1974
1978
1980
1982
1985
1986
1988
1991
1995
1996
1997
2002
2003
2006
2008
2011
2012
2014
2015
2017
2019
2022
2024
2025
2027
2029
2030
2033
2034
2035
2038
2039
2042
2044
2045
2046
2050
2051
2052
2053
2054
2055
2056
2057
2058
2059
2060
2065
2067
2069
2070
2072
2074
2075
2076
2077
2078
2079
2080
2084
2089
2090
2091
2092
2094
2097
2099
2103
2104
2105
2106
2107
2109
2111
2112
2113
2116
2117
2119
2123
2125
2126
2127
2131
2134
2135
2137
2140
2142
2143
2144
2146
2150
2151
2153
2155
2157
2164
2166
2168
2173
2175
2176
2177
2179
2180
2183
2184
2186
2188
2196
2200
2201
2202
2204
2206
2207
2208
2209
2214
2217
2218
2220
2221
2223
2226
2227
2229
2230
2233
2234
2237
2238
2239
2241
2242
2243
2244
2248
2250
2255
2256
2257
2259
2262
2264
2266
2267
2269
2271
2272
2273
2282
2284
2285
2286
2287
2288
2289
2290
2292
2293
2295
2296
2297
2298
2299
2300
2301
2302
2308
2312
2313
2315
2316
2317
2319
2322
2326
2328
2332
2333
2335
2336
2337
2338
2339
2340
2341
2342
2343
2344
2345
2346
2347
2348
2349
2350
2352
2354
2356
2358
2359
2361
2362
2364
2373
2374
2376
2379
2381
2382
2384
2391
2392
2393
2397
2398
2399
2403
2405
2409
2411
2414
2416
2417
2419
2421
2422
2423
2425
2427
2428
2430
2431
2432
2434
2437
2438
2439
2445
2448
2450
2453
2454
2455
2456
2457
2460
2461
2463
2464
2465
2466
2467
2469
2470
2473
2474
2476
2483
2485
2487
2488
2489
2490
2491
2492
2493
2496
2498
2499
2500
2501
2502
2505
2506
2507
2509
2512
2514
2515
2516
2517
2518
2520
2521
2522
2523
2525
2526
2527
2528
2529
2530
2531
2534
2537
2538
2542
2544
2545
2547
2549
2551
2553
2554
2555
2556
2557
2559
2562
2563
2565
2567
2568
2570
2572
2574
2575
2577
2578
2580
2581
2582
2583
2585
2586
2588
2590
2595
2597
2601
2602
2603
2604
2608
2609
2611
2615
2620
2623
2628
2632
2633
2637
2638
2640
2641
2643
2645
2646
2647
2648
2650
2656
2658
2662
2665
2667
2670
2671
2672
2673
2674
2676
2677
2678
2679
2683
2684
2685
2688
2690
2692
2693
2696
2697
2698
2699
2702
2705
2707
2708
2709
2712
2714
2715
2717
2718
2719
2721
2725
2726
2727
2728
2730
2733
2734
2736
2740
2741
2745
2746
2747
2749
2750
2751
2753
2757
2759
2760
2764
2769
2771
2772
2773
2774
2775
2776
2777
2778
2779
2781
2782
2783
2786
2788
2790
2795
2796
2800
2801
2802
2806
2809
2812
2813
2814
2816
2817
2818
2819
2821
2822
2823
2824
2825
2829
2836
2843
2844
2846
2847
2848
2849
2852
2853
2855
2858
2861
2863
2864
2865
2866
2869
2872
2875
2876
2878
2880
2881
2882
2885
2887
2890
2893
2894
2897
2898
2902
2903
2908
2909
2912
2913
2916
2918
2919
2920
2923
2926
2927
2929
2933
2934
2935
2936
2937
2938
2940
2945
2950
2952
2953
2955
2957
2958
2959
2962
2966
2968
2969
2970
2971
2972
2975
2979
2980
2982
2983
2984
2986
2989
2991
2995
2997
2998
3002
3004
3006
3007
3008
3009
3011
3012
3016
3017
3019
3020
3022
3024
3025
3026
3027
3028
3032
3034
3036
3037
3040
3042
3043
3046
3047
3048
3051
3061
3063
3064
3065
3067
3071
3072
3073
3075
3078
3079
3080
3081
3084
3085
3087
3090
3092
3093
3094
3095
3097
3098
3099
3100
3101
3103
3104
3106
3107
3108
3110
3111
3113
3114
3115
3117
3121
3122
3123
3124
3126
3128
3129
3130
3132
3136
3141
3143
3147
3149
3153
3154
3155
3156
3157
3158
3160
3163
3164
3165
3166
3168
3174
3175
3177
3179
3180
3182
3184
3185
3186
3187
3188
3189
3190
3192
3193
3194
3195
3200
3202
3205
3207
3210
3211
3212
3213
3215
3216
3220
3222
3223
3225
3226
3232
3234
3236
3239
3241
3251
3252
3253
3254
3256
3261
3267
3269
3270
3271
3272
3274
3275
3276
3277
3279
3280
3281
3285
3288
3289
3291
3292
3293
3294
3296
3297
3302
3303
3304
3310
3311
3315
3316
3322
3325
3331
3332
3335
3339
3340
3343
3344
3347
3349
3353
3359
3360
3361
3362
3363
3364
3367
3375
3376
3379
3380
3381
3382
3383
3384
3387
3388
3389
3393
3397
3400
3401
3403
3405
3407
3409
3410
3415
3418
3419
3421
3425
3426
3433
3435
3439
3440
3441
3446
3448
3452
3454
3457
3458
3459
3460
3461
3462
3464
3467
3468
3472
3473
3477
3478
3479
3480
3481
3483
3486
3487
3488
3490
3491
3493
3494
3495
3498
3501
3502
3503
3504
3509
3511
3513
3515
3518
3519
3521
3523
3524
3525
3526
3527
3528
3529
3530
3532
3533
3534
3535
3536
3537
3539
3541
3542
3544
3547
3548
3549
3550
3552
3554
3561
3562
3564
3565
3566
3568
3569
3571
3572
3573
3574
3575
3576
3578
3579
3583
3588
3589
3592
3594
3595
3596
3598
3600
3603
3604
3606
3607
3609
3610
3614
3615
3617
3618
3620
3624
3626
3631
3633
3635
3641
3644
3649
3651
3652
3657
3660
3661
3664
3667
3668
3670
3672
3673
3675
3679
3680
3681
3685
3688
3689
3690
3693
3694
3697
3698
3700
3704
3705
3706
3707
3709
3710
3712
3713
3715
3716
3718
3719
3721
3722
3731
3733
3737
3743
3744
3745
3748
3749
3751
3752
3755
3756
3758
3759
3761
3763
3766
3767
3769
3771
3773
3775
3776
3777
3782
3784
3785
3788
3790
3791
3793
3795
3797
3798
3801
3805
3806
3809
3810
3811
3814
3818
3822
3823
3824
3825
3826
3827
3828
3829
3830
3831
3833
3834
3835
3836
3837
3841
3842
3844
3848
3850
3851
3852
3854
3855
3857
3859
3860
3862
3865
3866
3867
3875
3876
3877
3878
3879
3881
3882
3884
3886
3887
3889
3890
3891
3892
3893
3894
3895
3898
3900
3902
3904
3906
3907
3909
3912
3914
3915
3924
3925
3926
3928
3929
3930
3932
3933
3936
3937
3942
3943
3946
3947
3948
3950
3951
3954
3957
3959
3961
3962
3963
3965
3967
3969
3971
3974
3975
3978
3980
3981
3982
3984
3987
3988
3991
3992
3993
3994
3996
3997
3998
3999
4000
4001
4002
4003
4005
4008
4010
4011
4013
4014
4015
4020
4022
4024
4025
4026
4027
4028
4030
4031
4032
4033
4035
4039
4041
4044
4045
4046
4050
4052
4053
4058
4060
4068
4072
4075
4076
4077
4079
4083
4084
4085
4088
4093
4098
4099
4100
4102
4104
4106
4107
4109
4115
4117
4118
4119
4120
4121
4123
4124
4125
4127
4131
4133
4136
4138
4139
4141
4142
4143
4144
4145
4148
4150
4151
4152
4153
4154
4156
4157
4160
4161
4162
4163
4165
4166
4167
4168
4169
4170
4171
4174
4179
4180
4181
4182
4185
4187
4189
4193
4194
4195
4196
4197
4198
4199
4202
4203
4204
4205
4210
4216
4219
4220
4221
4222
4224
4225
4227
4229
4230
4233
4234
4235
4236
4237
4238
4239
4240
4241
4244
4246
4248
4251
4252
4255
4256
4259
4264
4268
4272
4280
4282
4284
4286
4287
4288
4289
4291
4294
4296
4297
4299
4305
4306
4308
4311
4312
4313
4315
4316
4317
4318
4319
4320
4321
4322
4324
4327
4328
4329
4331
4332
4334
4337
4339
4341
4342
4343
4344
4349
4350
4354
4355
4357
4358
4359
4360
4362
4365
4367
4368
4370
4372
4373
4374
4376
4378
4379
4382
4384
4385
4386
4388
4391
4394
4395
4399
4403
4404
4406
4407
4410
4413
4421
4423
4424
4425
4426
4430
4432
4433
4435
4436
4438
4439
4440
4441
4442
4443
4444
4446
4447
4449
4454
4456
4457
4460
4465
4468
4471
4475
4477
4482
4485
4486
4488
4490
4491
4492
4497
4498
4500
4501
4502
4504
4508
4509
4511
4517
4518
4520
4522
4527
4530
4536
4538
4542
4543
4544
4545
4547
4548
4549
4554
4555
4556
4557
4559
4560
4564
4565
4566
4568
4574
4575
4580
4581
4583
4585
4586
4587
4588
4589
4590
4591
4594
4595
4596
4599
4600
4601
4602
4607
4609
4611
4613
4615
4616
4617
4618
4619
4620
4623
4625
4626
4630
4631
4634
4638
4640
4641
4642
4644
4648
4649
4651
4653
4657
4658
4659
4660
4668
4670
4673
4679
4683
4684
4685
4686
4687
4690
4691
4694
4696
4697
4698
4702
4703
4705
4706
4707
4708
4709
4710
4713
4714
4716
4717
4718
4720
4723
4727
4728
4729
4731
4732
4733
4734
4735
4738
4740
4743
4744
4745
4746
4747
4748
4749
4752
4754
4757
4763
4766
4767
4768
4770
4771
4772
4775
4776
4777
4779
4781
4783
4785
4786
4787
4789
4790
4791
4792
4793
4800
4805
4808
4810
4812
4814
4815
4816
4818
4819
4820
4823
4824
4828
4832
4835
4836
4837
4847
4848
4849
4852
4855
4857
4858
4859
4861
4862
4863
4864
4867
4871
4872
4873
4875
4877
4879
4880
4881
4882
4883
4886
4890
4891
4895
4900
4901
4902
4903
4904
4905
4908
4912
4914
4916
4922
4923
4928
4929
4930
4931
4935
4939
4941
4943
4952
4954
4956
4959
4962
4964
4965
4969
4970
4973
4974
4975
4976
4977
4978
4979
4980
4981
4984
4987
4988
4990
4995
4996
5001
5009
5012
5018
5019
5021
5022
5024
5026
5028
5034
5036
5039
5042
5047
5051
5052
5054
5055
5059
5061
5064
5068
5071
5072
5076
5078
5080
5084
5086
5087
5088
5089
5090
5091
5093
5099
5100
5102
5103
5106
5107
5109
5110
5111
5112
5114
5115
5117
5118
5120
5121
5122
5126
5129
5135
5136
5141
5144
5148
5151
5153
5154
5158
5160
5161
5162
5164
5166
5168
5171
5172
5173
5178
5182
5183
5185
5187
5188
5190
5191
5192
5193
5194
5195
5196
5197
5200
5202
5206
5207
5209
5212
5215
5216
5217
5218
5219
5221
5222
5224
5226
5228
5229
5230
5231
5232
5234
5235
5236
5237
5242
5243
5245
5246
5247
5250
5251
5254
5257
5259
5260
5263
5266
5269
5274
5276
5278
5279
5281
5285
5287
5288
5290
5291
5292
5293
5294
5295
5296
5297
5298
5299
5301
5302
5305
5307
5312
5313
5315
5319
5320
5321
5322
5327
5328
5333
5334
5338
5342
5346
5347
5348
5349
5351
5352
5353
5358
5365
5369
5371
5372
5376
5377
5378
5379
5381
5383
5386
5388
5397
5398
5400
5403
5405
5406
5410
5411
5412
5413
5414
5416
5417
5420
5423
5424
5425
5427
5428
5433
5434
5437
5438
5443
5448
5449
5451
5455
5456
5458
5459
5460
5461
5462
5471
5475
5476
5478
5480
5481
5482
5484
5485
5487
5490
5494
5496
5497
5498
5499
5500
5501
5502
5503
5505
5506
5509
5512
5514
5521
5522
5523
5524
5527
5528
5530
5531
5533
5534
5536
5540
5541
5543
5545
5546
5548
5549
5550
5551
5554
5560
5564
5567
5568
5569
5570
5571
5577
5579
5580
5581
5582
5584
5585
5586
5587
5588
5589
5592
5594
5595
5597
5600
5603
5605
5606
5608
5611
5613
5614
5619
5621
5623
5624
5625
5627
5628
5630
5634
5635
5636
5639
5642
5643
5644
5649
5652
5656
5657
5658
5659
5662
5663
5664
5666
5668
5672
5673
5676
5678
5679
5680
5682
5684
5685
5686
5692
5693
5696
5701
5704
5707
5708
5710
5711
5712
5720
5722
5724
5725
5726
5727
5728
5731
5732
5734
5735
5739
5741
5742
5744
5745
5749
5754
5755
5759
5761
5762
5763
5764
5766
5768
5774
5776
5778
5781
5784
5785
5789
5791
5792
5793
5794
5795
5797
5801
5803
5804
5805
5807
5809
5811
5813
5815
5817
5819
5820
5831
5832
5835
5836
5840
5842
5843
5846
5849
5850
5854
5856
5859
5861
5862
5863
5868
5869
5872
5873
5875
5876
5877
5879
5884
5886
5888
5890
5891
5894
5895
5897
5899
5900
5901
5902
5904
5906
5911
5915
5917
5919
5920
5925
5926
5927
5930
5931
5936
5939
5940
5942
5944
5946
5947
5948
5950
5951
5953
5955
5956
5958
5960
5962
5963
5965
5966
5968
5969
5971
5972
5976
5978
5979
5980
5983
5985
5986
5990
5991
5993
5994
5995
6000
6001
6002
6003
6005
6006
6008
6011
6014
6017
6020
6021
6022
6024
6031
6033
6035
6036
6037
6042
6050
6051
6053
6057
6061
6065
6068
6070
6074
6076
6077
6078
6080
6085
6089
6092
6093
6095
6096
6099
6100
6101
6102
6103
6105
6106
6108
6109
6112
6116
6118
6119
6120
6121
6122
6124
6126
6128
6129
6131
6133
6134
6135
6139
6142
6143
6144
6145
6156
6157
6158
6159
6161
6162
6167
6168
6169
6170
6171
6173
6177
6180
6181
6183
6184
6185
6186
6189
6190
6193
6194
6195
6200
6201
6203
6208
6212
6213
6216
6217
6220
6222
6224
6225
6226
6231
6237
6238
6239
6241
6243
6245
6246
6248
6249
6250
6252
6253
6255
6256
6257
6258
6259
6261
6262
6265
6266
6267
6269
6271
6272
6274
6279
6283
6284
6286
6290
6291
6292
6295
6296
6298
6300
6303
6306
6308
6313
6314
6316
6319
6320
6321
6322
6323
6325
6326
6327
6328
6329
6331
6332
6333
6335
6337
6338
6342
6343
6344
6345
6346
6351
6352
6353
6355
6361
6363
6367
6368
6369
6370
6371
6372
6373
6374
6375
6376
6380
6381
6382
6383
6386
6387
6390
6391
6392
6393
6395
6396
6400
6402
6404
6410
6411
6413
6415
6417
6419
6421
6423
6424
6425
6428
6430
6431
6433
6438
6439
6442
6443
6444
6448
6450
6452
6456
6458
6463
6464
6465
6467
6468
6469
6470
6471
6472
6474
6477
6480
6482
6483
6486
6487
6488
6489
6490
6491
6492
6495
6499
6500
6506
6507
6508
6509
6510
6514
6517
6518
6519
6520
6521
6522
6524
6530
6532
6535
6538
6542
6543
6548
6552
6553
6554
6555
6556
6557
6558
6559
6560
6561
6564
6565
6569
6572
6576
6579
6586
6589
6591
6592
6593
6596
6597
6599
6600
6602
6603
6609
6611
6612
6613
6614
6617
6619
6622
6624
6626
6628
6630
6632
6640
6642
6643
6647
6649
6652
6653
6654
6656
6657
6658
6661
6663
6664
6665
6667
6670
6674
6676
6679
6681
6683
6688
6689
6693
6695
6696
6697
6698
6702
6704
6705
6715
6716
6717
6720
6721
6723
6725
6727
6728
6729
6730
6732
6733
6734
6736
6742
6744
6745
6750
6752
6755
6756
6762
6764
6765
6769
6770
6771
6773
6774
6775
6776
6778
6780
6781
6782
6783
6784
6785
6786
6787
6788
6792
6793
6794
6797
6798
6800
6801
6803
6805
6806
6807
6808
6809
6810
6811
6812
6814
6815
6818
6819
6820
6821
6822
6823
6825
6837
6840
6844
6845
6846
6849
6851
6857
6861
6862
6863
6864
6866
6868
6870
6873
6874
6875
6876
6880
6882
6885
6886
6890
6891
6892
6893
6895
6896
6897
6902
6903
6905
6906
6909
6912
6917
6923
6924
6926
6927
6928
6929
6930
6934
6936
6937
6938
6939
6941
6943
6944
6946
6948
6950
6951
6952
6953
6954
6956
6957
6958
6961
6962
6963
6965
6968
6970
6972
6973
6977
6978
6979
6980
6981
6983
6985
6987
6990
6991
6993
6998
6999
7000
7001
7002
7005
7006
7008
7009
7011
7012
7015
7016
7017
7019
7020
7022
7023
7024
7025
7026
7027
7028
7031
7032
7035
7037
7039
7042
7043
7046
7049
7055
7063
7064
7066
7067
7069
7070
7071
7073
7075
7077
7078
7081
7085
7088
7093
7094
7095
7096
7098
7099
7103
7104
7106
7108
7109
7110
7111
7112
7115
7118
7120
7121
7127
7129
7130
7132
7134
7137
7138
7142
7143
7145
7147
7148
7149
7151
7153
7157
7158
7159
7160
7164
7166
7167
7170
7171
7174
7177
7178
7181
7183
7186
7187
7190
7198
7200
7203
7204
7205
7212
7213
7214
7215
7216
7218
7219
7221
7222
7224
7225
7226
7227
7230
7231
7237
7238
7239
7242
7244
7247
7250
7251
7255
7257
7258
7260
7263
7265
7268
7269
7272
7273
7274
7277
7278
7279
7280
7286
7287
7289
7290
7291
7295
7296
7300
7302
7304
7307
7308
7311
7312
7314
7316
7318
7320
7322
7323
7325
7326
7329
7331
7332
7335
7339
7340
7342
7345
7346
7349
7350
7351
7354
7355
7356
7359
7360
7361
7364
7365
7366
7369
7371
7373
7375
7377
7380
7381
7382
7383
7386
7390
7392
7395
7396
7399
7403
7404
7405
7407
7408
7409
7411
7412
7414
7415
7416
7417
7419
7421
7422
7425
7426
7430
7432
7433
7434
7436
7437
7438
7439
7443
7445
7448
7451
7452
7454
7455
7456
7457
7459
7462
7463
7464
7465
7467
7468
7470
7477
7478
7479
7482
7483
7485
7486
7492
7493
7494
7502
7504
7507
7508
7509
7510
7511
7513
7517
7520
7522
7523
7524
7530
7533
7534
7535
7538
7540
7541
7543
7544
7545
7546
7556
7559
7560
7561
7564
7565
7566
7567
7569
7571
7575
7577
7578
7579
7580
7581
7582
7584
7586
7588
7589
7590
7591
7592
7593
7594
7595
7596
7599
7601
7603
7605
7608
7610
7611
7612
7613
7614
7615
7618
7621
7622
7624
7625
7626
7630
7633
7634
7635
7638
7646
7647
7650
7652
7655
7656
7660
7661
7663
7665
7668
7678
7680
7681
7684
7685
7686
7687
7688
7694
7696
7698
7701
7703
7705
7706
7708
7710
7712
7715
7721
7722
7723
7724
7733
7735
7736
7737
7738
7742
7744
7746
7750
7753
7755
7757
7758
7759
7762
7766
7767
7768
7769
7772
7773
7774
7775
7776
7779
7780
7781
7784
7785
7789
7791
7800
7801
7802
7804
7805
7806
7807
7808
7809
7810
7811
7812
7819
7825
7831
7832
7834
7835
7836
7840
7842
7847
7848
7853
7854
7857
7859
7860
7861
7864
7868
7871
7873
7877
7878
7880
7881
7882
7883
7884
7888
7889
7894
7896
7897
7898
7901
7903
7905
7906
7907
7910
7915
7916
7917
7918
7921
7923
7925
7927
7928
7929
7931
7935
7936
7937
7942
7953
7957
7958
7959
7960
7963
7964
7965
7967
7969
7972
7975
7976
7978
7987
7988
7991
7992
7993
7995
7998
8001
8003
8005
8011
8013
8014
8015
8016
8019
8020
8021
8022
8025
8030
8034
8035
8037
8039
8041
8042
8044
8046
8047
8050
8052
8057
8060
8070
8071
8072
8076
8077
8078
8079
8080
8081
8083
8085
8086
8089
8091
8092
8094
8096
8101
8102
8103
8107
8108
8112
8113
8114
8116
8117
8118
8120
8124
8125
8128
8129
8130
8131
8133
8135
8138
8141
8143
8144
8145
8147
8148
8149
8150
8152
8153
8155
8159
8166
8167
8173
8175
8177
8180
8181
8184
8185
8187
8188
8194
8195
8196
8198
8199
8200
8201
8204
8205
8208
8210
8212
8214
8215
8216
8218
8220
8221
8222
8224
8226
8228
8229
8231
8232
8233
8234
8235
8236
8240
8241
8247
8250
8255
8257
8262
8263
8264
8265
8268
8272
8275
8276
8277
8287
8288
8290
8292
8293
8294
8295
8297
8298
8300
8301
8304
8305
8306
8307
8308
8310
8312
8313
8315
8320
8322
8326
8329
8331
8332
8333
8334
8335
8338
8339
8340
8342
8344
8345
8346
8347
8348
8350
8351
8352
8354
8355
8360
8364
8368
8369
8372
8373
8375
8376
8380
8382
8391
8393
8398
8399
8400
8404
8406
8408
8410
8411
8412
8414
8415
8417
8419
8420
8421
8422
8424
8425
8426
8427
8428
8433
8435
8437
8438
8442
8443
8444
8445
8449
8452
8455
8457
8458
8460
8464
8465
8466
8468
8469
8473
8474
8475
8481
8483
8484
8485
8488
8489
8491
8495
8497
8498
8501
8502
8504
8508
8513
8515
8516
8517
8518
8520
8521
8523
8524
8525
8528
8530
8532
8534
8541
8544
8545
8546
8550
8556
8558
8559
8562
8563
8564
8565
8567
8568
8569
8570
8571
8573
8574
8578
8582
8583
8585
8586
8588
8589
8597
8598
8599
8600
8602
8604
8606
8607
8608
8609
8610
8611
8613
8615
8617
8618
8621
8627
8628
8629
8630
8632
8633
8634
8635
8636
8637
8639
8641
8642
8643
8644
8646
8652
8654
8656
8658
8659
8660
8661
8662
8663
8664
8665
8666
8669
8671
8673
8674
8681
8686
8687
8689
8691
8692
8693
8696
8697
8698
8700
8701
8705
8706
8707
8708
8709
8711
8712
8713
8714
8719
8721
8724
8726
8728
8734
8735
8736
8737
8739
8742
8746
8747
8748
8750
8753
8759
8762
8764
8765
8766
8769
8773
8776
8777
8779
8780
8781
8782
8783
8784
8785
8786
8787
8789
8794
8798
8799
8800
8805
8808
8809
8815
8816
8817
8818
8819
8821
8822
8825
8826
8831
8833
8840
8843
8844
8845
8846
8847
8848
8849
8851
8855
8856
8859
8863
8864
8866
8867
8868
8869
8872
8874
8875
8877
8879
8880
8882
8888
8892
8896
8898
8904
8907
8910
8911
8912
8913
8915
8916
8918
8921
8923
8926
8928
8929
8930
8932
8933
8935
8936
8937
8938
8939
8941
8945
8949
8951
8952
8954
8956
8957
8958
8959
8965
8966
8976
8977
8978
8979
8981
8982
8984
8985
8986
8987
8988
8990
8991
8992
8994
8996
8997
8998
9002
9005
9006
9007
9008
9010
9016
9017
9018
9019
9020
9022
9027
9031
9033
9034
9035
9036
9037
9038
9039
9040
9041
9044
9045
9046
9047
9048
9049
9050
9052
9055
9057
9059
9063
9067
9070
9071
9073
9075
9077
9078
9079
9080
9085
9086
9090
9091
9093
9094
9095
9099
9102
9104
9108
9109
9111
9112
9113
9114
9115
9119
9122
9123
9125
9126
9128
9130
9131
9133
9134
9135
9138
9141
9143
9144
9152
9155
9156
9159
9162
9163
9164
9166
9170
9171
9174
9176
9177
9178
9179
9181
9182
9184
9185
9186
9187
9189
9191
9192
9193
9194
9196
9197
9198
9203
9207
9212
9214
9215
9223
9224
9227
9229
9230
9231
9232
9239
9240
9242
9243
9245
9247
9248
9250
9254
9255
9257
9259
9260
9263
9264
9266
9267
9269
9270
9274
9276
9277
9278
9279
9281
9283
9287
9291
9292
9296
9298
9299
9300
9302
9304
9305
9306
9307
9310
9312
9314
9315
9320
9321
9323
9324
9325
9326
9328
9329
9330
9332
9334
9335
9336
9339
9340
9341
9342
9344
9347
9350
9353
9354
9356
9357
9358
9359
9361
9362
9363
9368
9369
9370
9371
9372
9375
9376
9378
9379
9380
9382
9384
9385
9386
9387
9389
9390
9392
9394
9396
9397
9404
9405
9406
9409
9411
9412
9415
9416
9418
9419
9422
9423
9424
9425
9426
9427
9429
9434
9435
9438
9442
9445
9446
9451
9455
9456
9457
9458
9460
9463
9467
9470
9474
9476
9478
9479
9481
9483
9484
9485
9486
9487
9488
9489
9493
9497
9500
9503
9504
9507
9511
9512
9513
9516
9517
9518
9520
9521
9523
9524
9528
9529
9530
9531
9532
9534
9536
9537
9538
9540
9541
9542
9543
9544
9546
9547
9551
9552
9553
9555
9557
9558
9561
9563
9564
9567
9572
9574
9577
9582
9583
9584
9585
9586
9588
9591
9592
9594
9595
9598
9605
9607
9608
9611
9612
9614
9615
9616
9618
9621
9622
9623
9624
9625
9627
9628
9631
9634
9635
9636
9640
9641
9643
9644
9645
9647
9648
9649
9651
9652
9653
9656
9657
9662
9664
9669
9671
9673
9676
9677
9678
9680
9682
9684
9685
9686
9688
9689
9690
9693
9694
9697
9698
9699
9701
9702
9705
9710
9711
9715
9720
9722
9725
9726
9727
9729
9733
9736
9737
9738
9739
9740
9743
9744
9745
9747
9749
9750
9751
9752
9759
9760
9762
9766
9768
9770
9772
9773
9778
9779
9780
9781
9783
9787
9789
9790
9791
9795
9796
9797
9798
9799
9800
9801
9803
9805
9809
9810
9814
9816
9818
9819
9820
9822
9823
9828
9829
9830
9832
9833
9836
9838
9840
9842
9844
9846
9853
9855
9857
9859
9861
9863
9864
9865
9866
9869
9872
9877
9878
9879
9881
9882
9883
9884
9886
9887
9888
9891
9892
9893
9895
9899
9900
9904
9905
9906
9910
9912
9914
9919
9920
9923
9924
9927
9929
9931
9933
9934
9935
9937
9938
9940
9943
9945
9952
9953
9955
9957
9958
9959
9962
9964
9966
9967
9968
9969
9970
9971
9973
9974
9977
9979
9980
9981
9982
9983
9985
9987
9988
9990
9993
9994
9999
10000
10001
10003
10007
10008
10013
10014
10015
10016
10017
10019
10021
10023
10024
10025
10027
10028
10029
10033
10034
10036
10037
10038
10042
10043
10045
10046
10047
10048
10050
10053
10054
10056
10057
10060
10061
10062
10064
10065
10066
10069
10070
10071
10072
10074
10078
10079
10083
10084
10085
10086
10088
10090
10091
10093
10094
10095
10097
10098
10099
10100
10101
10103
10105
10106
10110
10111
10112
10116
10117
10122
10123
10126
10130
10131
10132
10134
10136
10140
10141
10142
10143
10145
10146
10147
10148
10150
10153
10155
10158
10159
10161
10162
10163
10164
10165
10168
10169
10172
10175
10176
10179
10183
10184
10187
10192
10194
10198
10199
10200
10201
10203
10205
10206
10207
10208
10210
10214
10216
10217
10220
10221
10222
10223
10224
10226
10227
10230
10232
10233
10236
10239
10242
10248
10250
10252
10254
10259
10264
10265
10267
10268
10270
10273
10274
10282
10283
10285
10289
10290
10291
10298
10300
10302
10306
10308
10309
10310
10313
10314
10315
10316
10319
10320
10322
10325
10326
10329
10330
10331
10335
10336
10337
10341
10343
10344
10347
10348
10350
10353
10354
10355
10356
10358
10362
10365
10368
10369
10370
10372
10373
10375
10377
10378
10381
10382
10383
10388
10389
10390
10391
10395
10396
10398
10400
10401
10403
10404
10405
10406
10409
10411
10412
10413
10414
10416
10417
10418
10421
10424
10425
10428
10429
10431
10432
10434
10435
10437
10440
10441
10444
10446
10449
10450
10451
10453
10455
10457
10458
10459
10464
10465
10466
10467
10468
10469
10470
10472
10475
10477
10478
10479
10482
10483
10484
10485
10486
10488
10496
10497
10500
10501
10505
10506
10508
10511
10513
10516
10518
10520
10521
10523
10526
10527
10528
10529
10532
10533
10534
10537
10539
10541
10542
10543
10545
10546
10549
10550
10551
10552
10554
10555
10556
10559
10560
10561
10562
10564
10567
10568
10569
10573
10576
10578
10579
10580
10582
10586
10587
10588
10589
10590
10593
10599
10600
10602
10606
10607
10609
10611
10613
10616
10617
10624
10625
10628
10629
10630
10632
10633
10634
10636
10637
10640
10641
10642
10645
10651
10652
10653
10654
10659
10661
10662
10663
10664
10665
10667
10668
10671
10673
10675
10680
10681
10684
10685
10687
10688
10689
10690
10691
10692
10693
10694
10695
10697
10698
10699
10700
10702
10705
10706
10712
10715
10716
10717
10718
10719
10720
10722
10723
10724
10728
10732
10733
10734
10735
10736
10741
10742
10743
10748
10750
10752
10754
10755
10756
10758
10759
10760
10765
10766
10767
10768
10770
10771
10772
10774
10776
10778
10780
10781
10782
10787
10788
10791
10794
10795
10796
10797
10802
10803
10804
10805
10812
10813
10814
10815
10817
10822
10826
10827
10828
10829
10830
10831
10832
10834
10837
10838
10842
10843
10846
10847
10849
10850
10854
10856
10857
10858
10859
10862
10864
10866
10867
10868
10869
10875
10876
10879
10880
10881
10883
10884
10886
10887
10891
10894
10895
10897
10900
10902
10903
10905
10906
10907
10909
10910
10911
10913
10917
10918
10922
10923
10925
10927
10928
10929
10930
10931
10932
10933
10934
10937
10940
10941
10944
10945
10949
10950
10952
10953
10954
10956
10957
10958
10960
10963
10965
10966
10973
10975
10978
10979
10980
10982
10983
10986
10989
10991
10992
10994
10996
10999
11002
11003
11008
11011
11012
11014
11015
11016
11017
11018
11019
11020
11021
11024
11027
11030
11032
11034
11035
11038
11039
11040
11041
11042
11043
11045
11046
11047
11048
11051
11052
11053
11055
11058
11059
11063
11064
11065
11069
11072
11076
11077
11078
11079
11083
11086
11087
11090
11091
11092
11094
11095
11096
11098
11100
11101
11104
11105
11106
11109
11111
11113
11116
11117
11119
11121
11125
11128
11129
11133
11134
11135
11137
11138
11139
11140
11142
11143
11144
11145
11146
11148
11149
11150
11151
11153
11154
11156
11157
11159
11163
11164
11166
11171
11172
11176
11178
11179
11182
11184
11186
11190
11192
11195
11196
11197
11198
11199
11201
11203
11206
11208
11209
11210
11214
11217
11220
11221
11222
11223
11224
11225
11228
11230
11232
11233
11234
11235
11237
11238
11239
11241
11243
11246
11247
11250
11251
11253
11254
11256
11258
11261
11264
11265
11267
11268
11269
11273
11275
11276
11277
11279
11280
11281
11282
11288
11293
11294
11297
11299
11300
11302
11303
11305
11306
11308
11309
11311
11312
11314
11315
11316
11317
11319
11320
11324
11330
11332
11334
11339
11340
11342
11343
11345
11346
11347
11348
11350
11351
11353
11354
11362
11367
11369
11371
11373
11374
11375
11376
11379
11380
11383
11387
11388
11390
11391
11394
11397
11399
11400
11404
11406
11407
11410
11411
11416
11417
11418
11419
11420
11421
11422
11423
11424
11425
11428
11430
11433
11435
11438
11440
11441
11443
11447
11449
11450
11453
11454
11457
11458
11459
11462
11463
11464
11468
11470
11471
11472
11473
11474
11475
11478
11481
11486
11487
11489
11490
11492
11495
11501
11502
11503
11505
11506
11507
11508
11509
11511
11512
11513
11515
11517
11524
11530
11532
11533
11535
11536
11537
11539
11540
11544
11549
11550
11553
11554
11559
11561
11563
11564
11569
11571
11572
11574
11579
11584
11587
11588
11591
11592
11596
11598
11601
11602
11605
11606
11608
11612
11613
11614
11618
11619
11621
11622
11624
11628
11631
11632
11636
11637
11638
11639
11640
11641
11644
11647
11649
11650
11652
11653
11654
11656
11658
11659
11660
11661
11662
11674
11677
11678
11680
11685
11687
11688
11691
11692
11694
11697
11698
11699
11705
11708
11711
11713
11714
11716
11723
11724
11725
11728
11729
11734
11735
11736
11738
11739
11740
11743
11745
11748
11749
11750
11753
11754
11755
11756
11757
11760
11763
11764
11765
11768
11769
11772
11773
11774
11776
11777
11781
11782
11783
11784
11789
11790
11791
11793
11794
11799
11800
11804
11805
11807
11808
11810
11817
11820
11821
11822
11823
11824
11825
11827
11828
11830
11831
11832
11834
11835
11836
11838
11839
11840
11841
11843
11844
11845
11846
11847
11849
11850
11852
11853
11856
11857
11858
11861
11866
11868
11870
11872
11873
11882
11883
11884
11885
11887
11895
11898
11899
11900
11903
11907
11909
11911
11914
11915
11919
11921
11924
11925
11929
11931
11932
11933
11934
11935
11936
11937
11940
11943
11944
11948
11949
11950
11951
11952
11953
11955
11959
11960
11962
11963
11964
11968
11969
11970
11972
11973
11975
11977
11978
11979
11980
11982
11983
11985
11987
11988
11989
11993
11994
11995
11998
12001
12002
12003
12005
12007
12010
12012
12013
12017
12020
12021
12023
12026
12029
12034
12035
12036
12037
12040
12042
12043
12046
12047
12048
12050
12056
12057
12058
12062
12066
12067
12069
12070
12071
12073
12074
12076
12080
12083
12085
12087
12091
12094
12096
12097
12098
12104
12105
12106
12107
12109
12112
12115
12117
12120
12123
12125
12126
12132
12133
12134
12135
12140
12141
12142
12143
12144
12146
12148
12150
12153
12154
12156
12157
12158
12160
12162
12163
12165
12166
12167
12169
12170
12171
12172
12173
12174
12176
12177
12180
12181
12182
12183
12184
12185
12193
12196
12197
12202
12203
12204
12205
12206
12208
12209
12210
12211
12217
12218
12219
12220
12221
12223
12224
12226
12227
12228
12229
12230
12231
12232
12234
12236
12239
12240
12241
12242
12244
12247
12249
12252
12254
12255
12257
12258
12259
12260
12262
12263
12264
12265
12271
12272
12273
12276
12277
12279
12280
12281
12288
12290
12291
12293
12295
12296
12297
12300
12301
12310
12311
12313
12314
12316
12317
12320
12322
12323
12324
12328
12330
12335
12338
12345
12347
12348
12349
12352
12353
12355
12358
12360
12364
12365
12367
12369
12370
12372
12376
12378
12379
12384
12385
12387
12389
12390
12391
12392
12395
12396
12397
12398
12402
12403
12410
12411
12417
12418
12419
12420
12425
12426
12427
12428
12429
12431
12432
12437
12439
12442
12446
12448
12449
12450
12451
12452
12454
12456
12457
12458
12459
12461
12462
12465
12467
12470
12472
12473
12475
12480
12481
12483
12484
12485
12486
12488
12489
12490
12493
12498
12501
12503
12504
12506
12511
12517
12519
12523
12524
12528
12531
12533
12535
12536
12537
12539
12541
12542
12543
12544
12546
12547
12549
12551
12552
12554
12555
12558
12559
12561
12563
12569
12570
12571
12573
12574
12577
12582
12583
12586
12590
12591
12592
12595
12599
12600
12601
12604
12605
12609
12611
12612
12613
12616
12621
12624
12625
12628
12629
12630
12631
12636
12639
12640
12642
12643
12645
12646
12647
12649
12650
12651
12652
12655
12656
12659
12660
12661
12662
12663
12667
12668
12669
12670
12672
12673
12675
12677
12679
12680
12682
12685
12686
12687
12690
12692
12695
12697
12699
12700
12702
12703
12704
12705
12706
12708
12709
12710
12714
12716
12718
12719
12723
12725
12726
12727
12728
12729
12730
12731
12732
12736
12737
12740
12745
12747
12750
12751
12752
12754
12759
12760
12762
12764
12765
12767
12769
12770
12771
12772
12773
12774
12775
12776
12779
12781
12785
12792
12793
12794
12796
12797
12798
12800
12801
12802
12804
12805
12806
12809
12810
12812
12816
12817
12818
12820
12822
12826
12827
12828
12829
12830
12835
12839
12840
12843
12845
12846
12848
12849
12854
12856
12859
12860
12861
12863
12864
12865
12868
12869
12870
12871
12872
12873
12876
12877
12878
12882
12886
12887
12889
12890
12894
12895
12897
12899
12900
12904
12909
12910
12911
12913
12914
12915
12916
12919
12920
12921
12925
12926
12927
12928
12932
12937
12938
12940
12941
12943
12947
12949
12951
12952
12956
12958
12961
12963
12965
12968
12970
12971
12972
12974
12975
12978
12979
12980
12988
12990
12991
12992
12994
12999
13000
13002
13003
13004
13009
13011
13012
13013
13015
13018
13019
13026
13027
13028
13029
13031
13032
13033
13034
13035
13036
13038
13039
13040
13042
13045
13046
13047
13049
13051
13052
13056
13057
13062
13065
13066
13068
13069
13072
13074
13075
13082
13083
13084
13085
13089
13090
13091
13092
13093
13097
13099
13101
13102
13105
13106
13107
13110
13111
13113
13114
13115
13116
13119
13120
13124
13125
13126
13128
13129
13130
13132
13134
13135
13136
13137
13140
13141
13142
13143
13145
13148
13150
13151
13154
13155
13156
13157
13158
13169
13171
13177
13178
13179
13181
13184
13185
13188
13190
13192
13194
13196
13197
13198
13199
13202
13203
13213
13217
13218
13219
13222
13224
13225
13226
13227
13228
13232
13233
13234
13235
13238
13239
13240
13241
13242
13243
13247
13248
13249
13250
13251
13253
13254
13255
13258
13259
13261
13262
13264
13266
13267
13269
13270
13271
13272
13273
13274
13276
13279
13281
13287
13288
13289
13292
13294
13296
13299
13302
13304
13307
13309
13315
13316
13318
13320
13322
13326
13328
13330
13332
13333
13334
13337
13338
13339
13343
13344
13346
13347
13348
13349
13357
13358
13359
13360
13361
13362
13363
13364
13366
13369
13370
13371
13372
13379
13381
13384
13385
13387
13390
13391
13392
13393
13394
13397
13399
13402
13408
13410
13411
13413
13414
13415
13416
13418
13421
13424
13425
13426
13427
13428
13429
13435
13436
13438
13439
13441
13443
13444
13446
13447
13448
13452
13453
13455
13456
13459
13460
13473
13474
13475
13476
13477
13478
13488
13489
13490
13497
13499
13501
13503
13507
13508
13509
13512
13515
13519
13522
13523
13524
13525
13536
13538
13540
13542
13544
13547
13548
13552
13553
13556
13557
13560
13564
13565
13569
13570
13572
13573
13575
13576
13579
13581
13585
13588
13590
13591
13593
13594
13596
13597
13598
13599
13600
13601
13605
13607
13608
13609
13612
13613
13617
13620
13624
13626
13627
13628
13629
13631
13632
13635
13637
13638
13639
13640
13642
13645
13647
13649
13653
13655
13658
13661
13664
13666
13667
13670
13672
13673
13675
13677
13678
13683
13685
13686
13693
13694
13700
13702
13703
13706
13710
13711
13712
13713
13714
13715
13718
13720
13721
13722
13724
13727
13728
13729
13730
13734
13735
13736
13737
13738
13742
13744
13745
13748
13749
13751
13752
13753
13756
13757
13758
13761
13763
13765
13766
13769
13772
13773
13774
13776
13778
13781
13782
13783
13784
13787
13788
13789
13790
13793
13795
13796
13797
13799
13801
13802
13803
13804
13805
13807
13808
13810
13811
13812
13815
13816
13817
13818
13819
13823
13825
13828
13829
13830
13831
13833
13834
13836
13838
13841
13843
13845
13846
13849
13851
13855
13856
13858
13859
13861
13863
13866
13867
13868
13869
13871
13872
13874
13875
13876
13880
13881
13882
13884
13885
13886
13887
13889
13890
13891
13894
13898
13899
13902
13905
13908
13910
13914
13915
13917
13923
13924
13926
13930
13933
13934
13935
13936
13939
13941
13942
13944
13945
13951
13958
13960
13961
13962
13963
13966
13967
13970
13971
13972
13973
13974
13977
13978
13979
13983
13991
13994
13997
13998
13999
14004
14007
14009
14012
14015
14016
14017
14019
14024
14027
14029
14031
14034
14035
14041
14042
14047
14049
14050
14052
14053
14054
14055
14057
14058
14059
14061
14063
14064
14065
14068
14072
14073
14076
14084
14086
14087
14088
14095
14096
14097
14101
14103
14106
14107
14117
14119
14120
14122
14123
14124
14126
14128
14131
14134
14135
14137
14139
14141
14143
14144
14145
14146
14149
14151
14152
14153
14154
14155
14157
14158
14161
14162
14163
14166
14167
14170
14171
14172
14173
14177
14178
14180
14181
14182
14185
14186
14187
14188
14189
14190
14191
14193
14194
14196
14197
14199
14202
14203
14204
14205
14212
14214
14216
14219
14220
14221
14222
14223
14224
14229
14230
14231
14237
14238
14240
14242
14244
14245
14246
14247
14248
14253
14254
14255
14257
14263
14265
14267
14268
14271
14282
14283
14285
14286
14292
14294
14296
14298
14300
14301
14302
14303
14309
14310
14311
14315
14316
14320
14321
14323
14324
14325
14330
14333
14334
14335
14336
14340
14342
14345
14346
14347
14348
14350
14352
14353
14354
14355
14356
14358
14359
14362
14363
14364
14365
14366
14370
14374
14376
14379
14380
14383
14386
14387
14388
14389
14390
14391
14392
14394
14395
14396
14398
14399
14402
14409
14412
14414
14415
14416
14417
14419
14421
14423
14425
14431
14433
14440
14442
14444
14448
14452
14454
14456
14458
14459
14461
14463
14464
14465
14470
14473
14474
14475
14479
14480
14481
14482
14486
14489
14490
14492
14493
14499
14500
14501
14503
14506
14508
14509
14511
14512
14516
14518
14519
14520
14523
14531
14533
14535
14536
14537
14538
14539
14541
14542
14543
14544
14545
14550
14551
14553
14558
14562
14563
14564
14571
14574
14575
14576
14577
14578
14579
14580
14581
14588
14589
14591
14595
14598
14599
14600
14601
14602
14604
14605
14607
14608
14612
14613
14614
14615
14616
14617
14618
14619
14620
14621
14622
14623
14625
14627
14632
14633
14635
14637
14638
14640
14641
14647
14648
14649
14652
14654
14655
14656
14657
14658
14659
14661
14662
14664
14665
14666
14667
14668
14669
14670
14672
14673
14674
14677
14679
14680
14681
14683
14685
14686
14688
14689
14691
14694
14695
14696
14697
14699
14700
14704
14705
14706
14709
14710
14712
14713
14715
14716
14718
14720
14721
14723
14726
14727
14730
14732
14735
14736
14738
14740
14741
14743
14744
14745
14746
14747
14748
14750
14752
14755
14758
14759
14762
14766
14767
14768
14769
14770
14773
14782
14783
14787
14788
14792
14795
14798
14800
14803
14805
14806
14807
14809
14811
14812
14814
14815
14817
14818
14822
14825
14826
14828
14834
14836
14837
14842
14843
14844
14845
14846
14847
14849
14850
14852
14856
14857
14859
14861
14862
14866
14868
14871
14873
14875
14876
14877
14878
14883
14884
14886
14887
14889
14893
14896
14898
14900
14902
14903
14904
14905
14910
14911
14912
14917
14918
14919
14920
14921
14925
14929
14930
14933
14935
14937
14939
14940
14942
14943
14945
14946
14947
14948
14950
14951
14952
14953
14955
14957
14958
14959
14962
14964
14967
14968
14969
14974
14975
14980
14981
14982
14984
14991
14994
14995
14997
15000
15002
15003
15004
15006
15009
15011
15012
15014
15015
15016
15017
15019
15021
15028
15030
15032
15034
15036
15038
15039
15040
15043
15046
15051
15052
15053
15055
15057
15060
15063
15064
15065
15066
15067
15068
15070
15074
15075
15077
15078
15079
15080
15082
15086
15090
15094
15096
15097
15099
15103
15106
15107
15108
15109
15110
15112
15113
15114
15115
15116
15117
15118
15121
15125
15133
15134
15135
15137
15138
15139
15140
15142
15143
15145
15146
15150
15151
15152
15157
15159
15161
15162
15163
15164
15169
15170
15172
15174
15175
15181
15182
15184
15187
15188
15192
15193
15194
15195
15198
15200
15202
15203
15204
15207
15208
15210
15211
15212
15213
15215
15217
15218
15219
15220
15225
15226
15228
15230
15231
15233
15234
15240
15241
15242
15245
15247
15248
15249
15251
15253
15254
15255
15256
15260
15261
15264
15269
15271
15273
15274
15275
15277
15281
15282
15289
15292
15294
15296
15297
15298
15300
15301
15302
15306
15308
15309
15311
15314
15315
15319
15321
15322
15323
15325
15326
15328
15330
15333
15334
15337
15339
15340
15341
15343
15345
15348
15351
15355
15359
15365
15366
15370
15371
15372
15375
15377
15378
15379
15382
15385
15387
15389
15390
15391
15393
15394
15395
15397
15398
15401
15404
15405
15406
15408
15410
15413
15414
15415
15416
15417
15419
15421
15422
15424
15425
15426
15427
15428
15429
15431
15432
15433
15434
15436
15437
15443
15444
15447
15448
15449
15450
15451
15455
15457
15458
15463
15465
15467
15468
15470
15477
15478
15479
15481
15485
15487
15488
15491
15492
15494
15496
15498
15500
15501
15502
15503
15504
15505
15507
15508
15509
15511
15512
15516
15517
15521
15522
15523
15524
15525
15526
15528
15532
15534
15536
15537
15538
15539
15543
15546
15550
15551
15553
15554
15556
15559
15565
15567
15569
15570
15572
15573
15574
15579
15580
15581
15582
15584
15586
15587
15589
15594
15595
15596
15597
15598
15605
15607
15611
15613
15614
15617
15619
15620
15628
15632
15638
15639
15640
15641
15642
15643
15646
15649
15650
15651
15653
15655
15658
15660
15666
15667
15669
15671
15674
15675
15677
15679
15680
15682
15683
15684
15690
15692
15693
15694
15695
15697
15698
15699
15703
15708
15712
15715
15716
15719
15720
15722
15723
15727
15739
15740
15742
15743
15744
15747
15748
15749
15751
15752
15753
15755
15756
15757
15758
15762
15764
15765
15766
15767
15769
15771
15773
15774
15776
15777
15778
15781
15782
15783
15786
15787
15788
15790
15791
15792
15798
15803
15807
15809
15810
15811
15813
15815
15816
15819
15821
15822
15824
15825
15826
15827
15828
15829
15835
15837
15839
15840
15845
15846
15847
15851
15852
15854
15855
15856
15858
15861
15862
15867
15868
15869
15871
15874
15875
15878
15879
15880
15881
15886
15888
15894
15895
15898
15900
15904
15905
15906
15908
15910
15914
15916
15917
15918
15919
15921
15922
15923
15924
15925
15929
15930
15933
15934
15937
15938
15943
15945
15946
15949
15950
15952
15953
15955
15956
15957
15958
15960
15961
15965
15968
15972
15976
15977
15980
15981
15983
15984
15986
15987
15989
15990
15991
15992
15993
15994
15995
15996
15997
15999
16000
16001
16003
16005
16006
16008
16010
16015
16016
16018
16020
16024
16025
16028
16030
16031
16034
16037
16040
16041
16045
16049
16051
16052
16053
16055
16059
16060
16065
16067
16069
16070
16071
16072
16074
16075
16077
16081
16082
16084
16086
16088
16089
16091
16093
16094
16095
16096
16097
16100
16101
16103
16104
16106
16107
16108
16110
16113
16114
16118
16120
16121
16122
16125
16126
16127
16129
16130
16133
16134
16135
16137
16138
16139
16140
16141
16142
16146
16148
16150
16152
16154
16156
16157
16158
16159
16160
16162
16164
16165
16166
16167
16168
16169
16177
16178
16181
16182
16183
16184
16187
16189
16192
16193
16194
16195
16196
16197
16198
16203
16206
16211
16215
16216
16218
16221
16222
16223
16225
16228
16229
16230
16235
16236
16237
16238
16242
16245
16251
16259
16265
16267
16268
16269
16270
16271
16272
16273
16274
16276
16279
16280
16285
16286
16289
16292
16293
16294
16296
16298
16299
16300
16301
16304
16310
16315
16316
16317
16319
16322
16323
16326
16328
16329
16330
16331
16336
16337
16343
16344
16347
16348
16352
16353
16355
16357
16358
16359
16360
16363
16364
16365
16366
16374
16375
16376
16380
16385
16386
16387
16388
16390
16393
16395
16396
16397
16398
16399
16400
16401
16402
16403
16404
16405
16406
16408
16409
16410
16413
16416
16419
16421
16422
16423
16424
16425
16428
16429
16432
16435
16438
16439
16441
16444
16445
16448
16452
16453
16455
16456
16463
16465
16466
16468
16470
16471
16472
16476
16477
16479
16483
16485
16487
16488
16490
16491
16493
16504
16505
16506
16507
16510
16511
16513
16515
16520
16521
16522
16524
16525
16526
16527
16528
16529
16530
16531
16532
16534
16535
16536
16539
16540
16541
16545
16546
16549
16550
16555
16557
16558
16561
16562
16563
16565
16566
16567
16569
16572
16573
16574
16575
16576
16577
16579
16582
16583
16585
16586
16587
16588
16589
16593
16595
16599
16602
16603
16604
16607
16608
16609
16611
16612
16613
16614
16616
16617
16619
16620
16624
16625
16629
16630
16636
16637
16638
16640
16645
16646
16647
16649
16651
16655
16656
16658
16661
16662
16664
16667
16668
16669
16678
16679
16682
16683
16684
16685
16686
16687
16688
16690
16691
16693
16694
16695
16696
16699
16701
16704
16705
16706
16707
16708
16709
16710
16712
16715
16719
16723
16724
16725
16727
16731
16733
16734
16736
16738
16739
16741
16747
16750
16753
16754
16756
16758
16762
16763
16765
16768
16770
16771
16775
16776
16778
16779
16780
16781
16784
16785
16786
16787
16789
16790
16792
16795
16796
16805
16806
16807
16813
16815
16816
16818
16821
16822
16823
16824
16826
16827
16828
16833
16836
16839
16842
16847
16849
16853
16854
16855
16856
16858
16860
16862
16863
16864
16871
16872
16873
16874
16875
16876
16878
16880
16881
16884
16885
16886
16887
16888
16889
16892
16893
16896
16897
16898
16899
16900
16901
16902
16903
16906
16908
16909
16910
16911
16913
16915
16916
16918
16919
16920
16923
16926
16931
16934
16935
16936
16937
16938
16939
16940
16941
16943
16944
16949
16955
16956
16958
16960
16965
16967
16968
16969
16970
16971
16972
16974
16975
16976
16977
16978
16979
16980
16981
16982
16983
16990
16992
16993
16994
16999
17000
17001
17002
17007
17011
17012
17015
17017
17021
17024
17025
17026
17028
17029
17030
17031
17034
17036
17037
17038
17039
17040
17042
17043
17045
17046
17047
17051
17053
17055
17056
17060
17061
17062
17064
17066
17067
17068
17069
17070
17071
17072
17074
17076
17077
17078
17079
17080
17082
17083
17084
17085
17087
17089
17093
17094
17098
17099
17103
17107
17110
17111
17113
17115
17116
17119
17120
17121
17124
17126
17127
17128
17130
17131
17132
17133
17137
17138
17141
17143
17145
17149
17150
17154
17160
17161
17163
17164
17167
17169
17170
17174
17178
17183
17186
17187
17188
17189
17190
17191
17192
17193
17195
17198
17199
17200
17201
17204
17205
17207
17213
17214
17215
17217
17219
17220
17221
17222
17223
17229
17233
17234
17235
17236
17237
17241
17242
17244
17245
17246
17250
17251
17252
17253
17257
17258
17261
17262
17263
17277
17278
17283
17284
17286
17287
17289
17290
17291
17293
17294
17298
17303
17306
17307
17309
17312
17313
17315
17318
17319
17320
17326
17327
17330
17337
17340
17341
17342
17344
17346
17347
17349
17352
17354
17356
17359
17363
17365
17366
17370
17371
17374
17376
17381
17382
17384
17385
17386
17387
17388
17389
17391
17392
17394
17397
17398
17399
17400
17401
17404
17409
17412
17415
17417
17420
17421
17422
17423
17425
17427
17429
17430
17435
17436
17438
17439
17440
17442
17443
17444
17445
17447
17452
17453
17459
17461
17462
17463
17465
17467
17469
17470
17472
17474
17478
17479
17482
17483
17485
17486
17488
17491
17492
17494
17495
17496
17497
17499
17500
17501
17504
17508
17509
17510
17511
17513
17514
17519
17520
17522
17524
17525
17527
17528
17529
17530
17531
17533
17534
17536
17539
17542
17544
17545
17546
17547
17548
17552
17553
17554
17556
17557
17559
17560
17561
17566
17567
17574
17575
17579
17582
17583
17584
17587
17589
17590
17592
17594
17595
17597
17600
17603
17604
17606
17607
17608
17609
17610
17611
17612
17613
17616
17617
17618
17619
17620
17621
17627
17628
17629
17630
17632
17634
17636
17637
17641
17643
17644
17645
17647
17648
17649
17653
17654
17656
17663
17665
17666
17668
17669
17671
17674
17675
17676
17677
17678
17679
17683
17684
17685
17686
17687
17688
17689
17691
17692
17693
17694
17702
17704
17705
17706
17707
17708
17710
17712
17713
17715
17716
17718
17719
17720
17721
17722
17723
17724
17725
17727
17728
17729
17730
17731
17733
17736
17737
17740
17742
17743
17745
17747
17749
17750
17753
17756
17757
17758
17759
17760
17763
17764
17765
17767
17768
17769
17770
17772
17773
17774
17778
17782
17783
17786
17787
17789
17791
17792
17794
17797
17798
17799
17800
17801
17802
17804
17805
17806
17809
17811
17812
17813
17814
17816
17817
17818
17819
17820
17821
17825
17826
17827
17828
17830
17835
17837
17838
17839
17840
17841
17842
17847
17848
17851
17855
17856
17858
17859
17864
17867
17868
17871
17872
17878
17879
17881
17882
17883
17887
17888
17890
17891
17897
17899
17900
17901
17904
17906
17909
17910
17911
17913
17915
17917
17918
17920
17922
17924
17926
17927
17928
17930
17931
17936
17938
17939
17940
17942
17944
17945
17948
17949
17951
17952
17955
17956
17958
17959
17960
17961
17963
17966
17967
17968
17974
17975
17977
17978
17981
17983
17986
17988
17989
17990
17991
17993
17994
17995
17996
17997
17998
18000
18001
18002
18003
18005
18007
18010
18012
18014
18018
18019
18024
18027
18028
18030
18031
18034
18035
18037
18041
18043
18044
18045
18046
18049
18050
18051
18054
18055
18056
18058
18060
18061
18062
18065
18068
18069
18071
18075
18079
18080
18082
18083
18085
18086
18090
18091
18093
18096
18097
18098
18101
18102
18104
18106
18109
18114
18115
18116
18117
18122
18123
18124
18125
18126
18128
18129
18131
18134
18135
18137
18139
18141
18142
18143
18144
18146
18148
18159
18161
18162
18163
18164
18166
18167
18168
18171
18172
18173
18174
18175
18176
18180
18183
18184
18187
18188
18189
18190
18191
18192
18194
18196
18200
18201
18204
18205
18206
18207
18211
18212
18213
18214
18216
18217
18218
18220
18222
18229
18231
18234
18235
18236
18240
18241
18242
18247
18248
18250
18251
18258
18261
18262
18264
18266
18267
18278
18281
18285
18286
18293
18297
18298
18299
18300
18302
18305
18307
18309
18310
18312
18316
18317
18318
18319
18320
18321
18322
18327
18329
18333
18335
18336
18340
18342
18345
18346
18348
18349
18350
18351
18352
18354
18355
18356
18357
18360
18362
18365
18366
18367
18368
18372
18374
18375
18377
18378
18379
18381
18382
18383
18386
18387
18388
18391
18392
18393
18395
18396
18398
18400
18401
18403
18404
18405
18406
18407
18408
18409
18410
18411
18412
18414
18416
18418
18419
18423
18424
18425
18428
18432
18437
18440
18441
18443
18446
18447
18449
18451
18454
18456
18457
18458
18460
18461
18462
18466
18467
18469
18471
18475
18479
18480
18485
18487
18489
18491
18492
18493
18494
18496
18499
18501
18503
18504
18505
18507
18508
18511
18512
18513
18514
18515
18516
18520
18525
18526
18529
18530
18534
18535
18536
18538
18540
18542
18544
18545
18551
18553
18554
18558
18562
18563
18567
18568
18569
18571
18572
18574
18576
18577
18580
18582
18583
18585
18589
18590
18591
18597
18598
18599
18602
18605
18606
18609
18615
18616
18617
18620
18621
18624
18626
18627
18629
18630
18632
18633
18634
18635
18637
18638
18640
18642
18645
18646
18649
18650
18651
18653
18655
18659
18660
18661
18662
18664
18668
18669
18671
18674
18677
18679
18682
18685
18686
18688
18689
18692
18695
18696
18697
18698
18699
18700
18701
18702
18703
18705
18706
18707
18710
18713
18720
18723
18725
18728
18736
18737
18738
18740
18741
18742
18745
18747
18750
18751
18754
18755
18758
18760
18761
18763
18764
18765
18766
18767
18768
18770
18771
18772
18777
18780
18781
18782
18786
18789
18791
18796
18798
18800
18802
18803
18806
18807
18809
18810
18812
18814
18815
18818
18822
18827
18828
18829
18830
18831
18832
18833
18834
18838
18842
18844
18846
18848
18850
18853
18856
18860
18863
18869
18870
18871
18874
18876
18877
18878
18881
18882
18883
18884
18886
18887
18892
18893
18894
18895
18897
18899
18901
18904
18905
18907
18908
18909
18911
18912
18913
18915
18918
18919
18922
18923
18924
18929
18933
18934
18936
18941
18944
18945
18946
18947
18948
18950
18953
18958
18959
18961
18963
18966
18968
18970
18971
18972
18973
18974
18975
18976
18977
18979
18981
18982
18984
18986
18987
18988
18990
18993
18995
18997
19000
19002
19005
19006
19007
19008
19010
19011
19012
19014
19016
19018
19022
19023
19026
19029
19031
19033
19035
19036
19037
19038
19040
19044
19047
19053
19054
19056
19058
19059
19060
19062
19064
19065
19066
19068
19069
19070
19072
19077
19078
19080
19086
19089
19090
19093
19094
19098
19101
19102
19104
19105
19107
19108
19109
19113
19114
19118
19119
19120
19121
19122
19124
19128
19129
19132
19136
19137
19138
19141
19143
19145
19147
19149
19150
19156
19159
19160
19161
19162
19164
19167
19168
19169
19170
19172
19174
19176
19178
19180
19190
19191
19192
19194
19195
19197
19198
19199
19203
19204
19205
19208
19209
19211
19212
19214
19215
19220
19222
19223
19226
19228
19229
19235
19236
19237
19238
19239
19240
19242
19243
19244
19245
19247
19248
19249
19250
19251
19259
19264
19265
19266
19270
19271
19272
19275
19278
19279
19285
19286
19287
19291
19293
19297
19298
19299
19300
19302
19304
19306
19307
19308
19313
19314
19318
19319
19321
19323
19327
19328
19330
19331
19332
19333
19338
19339
19341
19344
19346
19351
19352
19355
19356
19357
19359
19364
19367
19368
19372
19373
19374
19375
19376
19378
19379
19387
19388
19389
19390
19391
19393
19395
19398
19399
19403
19405
19406
19409
